0 0.8487792671875001 0.9314590734375001 0.88346933125 0.9390164140625 0.9271716265625001 0.933139103125 0.949420046875 0.9328248484375001 0.95571608125 0.9202054953125 0.954671325 0.9002825359375001 0.9434239640625 0.8911710703125 0.9305919859375 0.8333187171875001 0.90210158125 0.8038504671875 0.8912117546875 0.783034034375 0.856873509375 0.7588298140624999 0.8198443093750001 0.7533780859375 0.7947722828125 0.7657407234375 0.792081328125 0.7844932140624999 0.791729509375 0.8011400906249999 0.804447378125 0.8101046171874999 0.8215487546875 0.8559487062500001 0.8269544515625 0.9123208609375 0.8487792671875001 0.9314590734375001
0 0.4149263703125 0.342188084375 0.41808325625 0.355676540625 0.46778516249999996 0.39258745 0.47775501875000004 0.395860553125 0.509390415625 0.391878696875 0.5316122125 0.371875375 0.5409568640625 0.3165143578125 0.5321898468749999 0.242755228125 0.518552009375 0.21624737343749997 0.47943327187499996 0.1943051203125 0.440167153125 0.19290826249999998 0.416060259375 0.20031957500000003 0.3932822078125 0.2330712546875 0.3927259515625 0.24581961562500002 0.40829405 0.262424821875 0.414403384375 0.2855032203125 0.42153490312499997 0.328074209375 0.4149263703125 0.342188084375
0 0.2743096171875 0.8137416875 0.2891621859375 0.8167020828125 0.3488554734375 0.8181537562500001 0.3721663734375 0.8024692703125 0.3725533453125 0.7253059578125 0.3756531765625 0.714350503125 0.33270718593750004 0.642780325 0.311086809375 0.6275406296875 0.2736487328125 0.614291865625 0.24679382656249998 0.61601175625 0.2324523546875 0.62279765625 0.246953103125 0.642404928125 0.24411476406250002 0.6817028140625 0.2558342328125 0.7650518843749999 0.24983900937499998 0.7908613109375 0.2743096171875 0.8137416875
0 0.1060819328125 0.712056825 0.11188461093749999 0.729287446875 0.1766435203125 0.7730572703124999 0.22557284218749998 0.7718794531250001 0.245251065625 0.7500832281250001 0.24718132499999998 0.7401805796875001 0.244613965625 0.6445105421874999 0.208492840625 0.6096635734375 0.1967852671875 0.573253071875 0.1648883734375 0.548892496875 0.1300960921875 0.539385896875 0.10090205000000001 0.5432114 0.0903759375 0.5526866578125 0.080667571875 0.5777559859375 0.08021353437499999 0.592453603125 0.09791633125 0.60305468125 0.1178679390625 0.656539453125 0.1223536671875 0.6953682765625 0.1060819328125 0.712056825
1 0.23922560625 0.175178659375 0.2913664265625 0.3846495359375 0.42043040468750004 0.4197718609375 0.3756433640625 0.20955131875 0.23922560625 0.175178659375
1 0.305110803125 0.385137825 0.266288915625 0.18439379375 0.12199761093749999 0.13068128750000002 0.1768899296875 0.35238675 0.305110803125 0.385137825
1 0.1917619359375 0.34860337656249996 0.14670786875 0.143468609375 0.006832376562500001 0.09221036406250001 0.05087055625 0.3193940671875 0.1917619359375 0.34860337656249996
1 0.5674474984375 0.2875920578125 0.6210113578125 0.4914976109375 0.7320568625 0.5187269953125 0.686809984375 0.323741371875 0.5674474984375 0.2875920578125
1 0.667767521875 0.3215395390625 0.7146700421875 0.512870434375 0.8364505140625 0.547971740625 0.7775511328125 0.3548809359375 0.667767521875 0.3215395390625
1 0.7627814328125 0.352405459375 0.81748215625 0.5452897265625001 0.92842689375 0.5651794078125 0.8678273265625001 0.37715465312499996 0.7627814328125 0.352405459375
1 1 0.5715168875 0.9518670828125 0.410091934375 0.8542617968749999 0.3800762953125 0.8999163140625001 0.5639600265625 1 0.5858262859375001 1 0.5715168875
1 0.62139896875 0.6732323250000001 0.69729210625 0.9153911609375 0.8277759703124999 0.9465965609375001 0.7571747796875 0.704677296875 0.62139896875 0.6732323250000001
1 0.3976627515625 0.610367709375 0.455506928125 0.8526531609375001 0.6073036109375 0.8912307359374999 0.54399038125 0.646283140625 0.3976627515625 0.610367709375