0 0.233383775 0.3269525203125 0.2344611390625 0.3307262421875 0.22557387499999998 0.3412453765625 0.2288395140625 0.3474779296875 0.23708746406249998 0.350337778125 0.2441574234375 0.3646897453125 0.250082928125 0.38544521875000004 0.2467166625 0.394478509375 0.26593951875 0.40454389375 0.2885621875 0.40048737343749996 0.303003990625 0.383393778125 0.3032052515625 0.3528620921875 0.2874492890625 0.318497575 0.2720642953125 0.3114629890625 0.24890294375000002 0.31363264687500003 0.233383775 0.3269525203125
0 0.27815751718750004 0.30677539062500003 0.281423153125 0.31300794375 0.2951250171875 0.3245591734375 0.30529289375 0.37058676562500004 0.31960052499999997 0.3738476296875 0.332864334375 0.3682461546875 0.35060531875 0.35229649687500003 0.35410575781250003 0.3229087484375 0.3389555640625 0.28025386406249997 0.3142117109375 0.2716743234375 0.30316971875 0.2746460140625 0.2998034484375 0.2836793046875 0.2832069171875 0.293225453125 0.27815751718750004 0.30677539062500003
0 0.3153897046875 0.26018220312499996 0.320271390625 0.272075340625 0.3384168828125 0.2783670015625 0.343332109375 0.285171525 0.354644440625 0.3247956109375 0.3528942203125 0.339489484375 0.368884984375 0.3382337015625 0.3816436546875 0.325656753125 0.385009921875 0.3166234609375 0.38352804687500003 0.2906084203125 0.370532584375 0.25550097968749996 0.3535315421875 0.242805809375 0.333669371875 0.24611940625 0.3153897046875 0.26018220312499996
0 0.3982401875 0.31611060156250004 0.41204267968749997 0.3123959890625 0.4237239828125 0.2960453171875 0.421030571875 0.286611009375 0.425002609375 0.269287353125 0.4190771015625 0.24853187812500002 0.40924664687499995 0.2349228328125 0.38834065624999997 0.22937409375 0.3700945296875 0.23834827500000003 0.3673004890625 0.2441798125 0.38834264531249996 0.3126787875 0.3982401875 0.31611060156250004
0 0.433653078125 0.211083825 0.41432958906249995 0.216284284375 0.4043314171875 0.2281183109375 0.4070583734375 0.23246400312499998 0.41853842031250005 0.2466450171875 0.42661865624999995 0.2749479359375 0.42271370625 0.2820943640625 0.4270231640625 0.2971892546875 0.435271115625 0.30004910156250003 0.44907360625 0.2963344875 0.46405409375 0.2811277546875 0.46519854531249993 0.274724246875 0.4619664515625 0.2634030796875 0.46533271718749997 0.254369790625 0.45395330156249997 0.22492293281250003 0.433653078125 0.211083825
0 0.5193626984375 0.167698765625 0.5076813921875 0.1840494390625 0.51094703125 0.1902819921875 0.522965759375 0.2063498671875 0.5278139000000001 0.22333161875 0.5249863140625 0.2342517703125 0.5376108125 0.2420292765625 0.5574729828125 0.23871568124999998 0.5691542875 0.22236500937499998 0.566460875 0.2129307015625 0.56982714375 0.2038974125 0.5601308609375 0.169933909375 0.5502668609375 0.161413478125 0.527105509375 0.1635831359375 0.5193626984375 0.167698765625
0 0.5836967203125 0.1900055703125 0.586423675 0.1943512609375 0.6001590796875 0.200813878125 0.613961571875 0.1970992640625 0.6261815609375 0.182635453125 0.627998865625 0.15776435 0.621534678125 0.13512201562499998 0.611165540625 0.119626109375 0.5996184078125 0.11562232343750001 0.578073103125 0.123452565625 0.5702296625 0.1428340375 0.5811374812500001 0.1602168046875 0.588140353125 0.184746003125 0.5836967203125 0.1900055703125
0 0.616248484375 0.10098755781249999 0.608438584375 0.1152804171875 0.6209959953124999 0.133235153125 0.628537546875 0.1596512109375 0.626787328125 0.1743450859375 0.6344965984375001 0.1753180703125 0.64776040625 0.16971659687500001 0.6566812140625 0.1541088453125 0.6539878031249999 0.1446745390625 0.6595758859374999 0.133011465625 0.6514956484375001 0.104708546875 0.643281240625 0.09676008593749999 0.632272790625 0.0946431609375 0.616248484375 0.10098755781249999
0 0.63452815 0.0869247625 0.63833246875 0.095044178125 0.64274255625 0.094873225 0.6514956484375001 0.104708546875 0.6595758859374999 0.133011465625 0.65614253125 0.152221984375 0.6693727968750001 0.151709125 0.6838145984375 0.13461552968749999 0.6861705890625001 0.1116312875 0.6813224484375 0.0946495359375 0.667115446875 0.07612283125 0.6588674953125 0.07326298437499999 0.6378608734375 0.0829800875 0.63452815 0.0869247625
0 0.710880903125 0.1252994421875 0.71269820625 0.1004283390625 0.701857471875 0.0728683421875 0.6892665203125 0.0600022203125 0.6815572515625 0.059029234374999996 0.6705152578125 0.062000925 0.664960715625 0.0685753859375 0.680783765625 0.092762675 0.6870802375 0.1408480828125 0.6959004156249999 0.140506175 0.710880903125 0.1252994421875
0 0.6893000625 0.0549136078125 0.6937101515624999 0.054742653125 0.6925657015625 0.061146157812500004 0.707311384375 0.0815597265625 0.7120253515625 0.1188959359375 0.719734621875 0.1198689203125 0.735792471875 0.108435909375 0.737004009375 0.0918551734375 0.731078503125 0.0710997 0.7114175921875 0.043881610937499996 0.70040914375 0.041764687499999995 0.6904445140625 0.0485101 0.6893000625 0.0549136078125
0 0.7374756046875001 0.103919265625 0.74464619375 0.10300538906250001 0.756327496875 0.086654715625 0.7581448046875 0.061783612499999994 0.7522192999999999 0.0410281390625 0.7357569390625 0.030219831250000002 0.719193946875 0.0346773671875 0.713639409375 0.041251826562499996 0.7185210921875 0.0531449640625 0.730539821875 0.0692128390625 0.7374756046875001 0.103919265625
0 0.7385174359375 0.029476907812499998 0.75275798125 0.042914999999999995 0.7581448046875 0.061783612499999994 0.7541727671875 0.079107271875 0.7568661796875 0.0885415765625 0.7695577640625 0.08614185625000001 0.7773341203124999 0.0769376109375 0.7824506062500001 0.0532104484375 0.7743703703125 0.0249075296875 0.76945514375 0.0181030078125 0.7551475109375 0.01484214375 0.7391232046875 0.021186540625 0.7385174359375 0.029476907812499998
0 0.7727622843749999 0 0.7520031515625 0.012005101562499999 0.77155716875 0.0167446359375 0.7819790125 0.0411463578125 0.782888659375 0.070363153125 0.794469334375 0.0692783234375 0.8005625562500001 0.064590725 0.8017740953124999 0.0480099890625 0.8090453109375 0.0318302703125 0.7999580484375 0 0.7727622843749999 0
0 0.8163520609375 0.09386662968750001 0.8434183624999999 0.084550540625 0.871123975 0.061855471875 0.867353196875 0.048647443750000005 0.855806065625 0.0446436578125 0.8364825765624999 0.049844115625000004 0.806050009375 0.06819349531249999 0.8027172859375 0.0721381703125 0.8054442406250001 0.0764838625 0.8114032906249999 0.0921507203125 0.8163520609375 0.09386662968750001
0 0.8756366828125 0.1297233671875 0.8724045890625 0.11840219999999999 0.86085745625 0.1143984140625 0.8437557859375 0.1169690890625 0.8193828953125 0.135719484375 0.8171275359375001 0.1434378828125 0.8230865875 0.159104740625 0.8401882593750001 0.15653406718750001 0.8556738828125001 0.1483028078125 0.8756366828125 0.1297233671875
0 0.85863763125 0.2003328921875 0.8868483828124999 0.18461329843750002 0.9068111828125 0.1660338578125 0.9036461750000001 0.1445354609375 0.8782965515625 0.1442462875 0.85399075 0.152819453125 0.8478639843750001 0.16259566718750001 0.82184150625 0.180774090625 0.827194784375 0.20473131718749998 0.8365536453125 0.20627627187500003 0.85863763125 0.2003328921875
0 0.8928074328125 0.20028015781250003 0.8890366562500001 0.18707212812500001 0.8763450718750001 0.18947185 0.8641586296874999 0.19884704687500002 0.842613325 0.2066772890625 0.8381361484375001 0.2170254703125 0.8424791515625 0.227031746875 0.8463170140624999 0.23006254531249998 0.8761438125 0.22000353593750002 0.8928074328125 0.20028015781250003
0 0.8975213999999999 0.23761636562500002 0.90088766875 0.22858307656250001 0.897116890625 0.21537504687500003 0.8811261281249999 0.2166308296875 0.85345405625 0.2342372859375 0.846216384375 0.24532838906249999 0.85109806875 0.2572215265625 0.8637561093749999 0.25991041875 0.8847627296875 0.25019331718750004 0.8975213999999999 0.23761636562500002
0 0.89506478125 0.2758664515625 0.9028411375 0.2666622078125 0.8985316781250001 0.25156731718750003 0.887523228125 0.24945039375000003 0.86651660625 0.259167496875 0.8493143062499999 0.27700401406249997 0.851435490625 0.289640075 0.8591112187500001 0.295701675 0.8701532109375 0.29272998437500003 0.89506478125 0.2758664515625
0 0.9192028671875001 0.2927363578125 0.9126715937500001 0.280271253125 0.8983639640625001 0.277010390625 0.8801178374999999 0.2859845703125 0.8623768546875 0.30193422812500004 0.859549271875 0.31285437968749996 0.863353590625 0.32097379375 0.8765503125 0.3255495484375 0.902000565625 0.3105728765625 0.9192028671875001 0.2927363578125
0 0.915063115625 0.33550308906250004 0.9250612874999999 0.32366906093750003 0.917452646875 0.3074302328125 0.90422238125 0.30794309375 0.8715679984375001 0.3289222546875 0.8670908234375 0.3392704359375 0.8725111906249999 0.353050434375 0.8763490546874999 0.356081234375 0.89015154375 0.352366621875 0.915063115625 0.33550308906250004
0 0.76629610625 0.2465186875 0.7710771624999999 0.27367766875 0.787067925 0.2724218859375 0.8020484109374999 0.25721515156249997 0.7928908109374999 0.2251385109375 0.7819159046874999 0.217932971875 0.7792224921875001 0.208498665625 0.7676753609375 0.20449488124999998 0.751651053125 0.210839278125 0.7466351953125 0.2193005984375 0.7499008328125 0.2255331515625 0.76629610625 0.2465186875
0 0.729501971875 0.3102645796875 0.745526278125 0.3039201828125 0.7538413171875 0.2966028 0.7458281671875 0.2581226515625 0.72886066875 0.2403388703125 0.7206127171875 0.23747902187499997 0.706810225 0.24119363749999997 0.6951289203125001 0.25754430781250004 0.6978223328125 0.2669786140625 0.70442069375 0.2692664921875 0.71024556875 0.305287809375 0.729501971875 0.3102645796875
0 0.74636685 0.2600095140625 0.756096675 0.2888844015625 0.7687376031250001 0.2798934984375 0.769814821875 0.26149177031250004 0.7642872078125 0.24351597187500001 0.742763790625 0.22135841250000002 0.7234403015625 0.22655887031250002 0.720107578125 0.230503546875 0.7239118984374999 0.23862296249999998 0.7321598484375 0.24148280781250003 0.74636685 0.2600095140625
0 0.6735856078125 0.34867924375000003 0.6790730593750001 0.3522820125 0.6928755515625 0.3485673984375 0.7001803125 0.327299065625 0.6942548078125 0.3065435921875 0.6800478046875 0.28801688593749997 0.6679619921875 0.28212624062499997 0.6480662765625 0.2905284515625 0.651803509375 0.30882509375 0.6671214187500001 0.326036909375 0.6735856078125 0.34867924375000003
0 0.64971785625 0.37440511249999997 0.6757403375 0.3562266875 0.6671214187500001 0.326036909375 0.6430504203125 0.298989771875 0.6182059343749999 0.305676075 0.6131900781249999 0.3141373953125 0.6164557140625 0.32036995 0.63668885 0.3443862859375 0.6447690875000001 0.3726892046875 0.64971785625 0.37440511249999997
0 0.5859560609375001 0.34889655468749997 0.6084110125 0.370283109375 0.61817438125 0.39406938281250004 0.630865965625 0.3916696625 0.6430524109375 0.3822944640625 0.647529584375 0.37194628281250003 0.63668885 0.3443862859375 0.6246365796875 0.33340702499999997 0.62194316875 0.32397271875 0.6103960359375 0.31996893437499996 0.593833046875 0.32442646875 0.5843735578125 0.3381473578125 0.5859560609375001 0.34889655468749997
0 0.5615160859375 0.37782417968750004 0.5686195859375001 0.38708753281249997 0.573400640625 0.4142465125 0.5844090921875 0.4163634359375 0.5954510843749999 0.413391746875 0.6126198421875 0.4006438421875 0.6154809703125 0.3846350765625 0.6084110125 0.370283109375 0.5914435140625 0.3524993265625 0.5771358828125 0.3492384625 0.563872075 0.3548399375 0.558317534375 0.361414396875 0.5615160859375 0.37782417968750004
0 0.47718771093749995 0.46249012343749996 0.49078894218749997 0.489307196875 0.50401920625 0.4887943375 0.5145560609375 0.4788471703125 0.5163062828125 0.464153296875 0.50984209375 0.44151096250000005 0.49071986562500003 0.416179734375 0.47863405156249994 0.4102890859375 0.4620710625 0.4147466234375 0.4498510734375 0.429210434375 0.4541940765625 0.439216709375 0.47718771093749995 0.46249012343749996
0 0.41652383437499996 0.4686571921875 0.4203281546875 0.47677660624999996 0.4312695171875 0.489070759375 0.4371279375 0.5200034609374999 0.45197425 0.5251511859375 0.46907592343750004 0.5225805125 0.49078894218749997 0.489307196875 0.47718771093749995 0.46249012343749996 0.4667514875 0.4571714453125 0.4596815296875 0.442819478125 0.448134396875 0.4388156921875 0.428810909375 0.4440161515625 0.4193514203125 0.457737040625 0.41652383437499996 0.4686571921875
0 0.111659475 0.650264109375 0.11815720781250001 0.6678178296875 0.1274489796875 0.6795400125 0.147311153125 0.676226415625 0.20487710625000002 0.638383721875 0.215447503125 0.623347940625 0.2243012234375 0.6179174187500001 0.22766749062499997 0.6088841296874999 0.218442803125 0.586984715625 0.2041351734375 0.5837238546875 0.1787520078125 0.5885232968749999 0.1460305375 0.6196796859375 0.11950292031250001 0.6308826359374999 0.111659475 0.650264109375
0 0.20487710625000002 0.638383721875 0.165557275 0.667252234375 0.147311153125 0.676226415625 0.14007347812499998 0.6873175203125 0.1444164796875 0.697323796875 0.1503755296875 0.7129906546875 0.16246134375000001 0.7188813015625 0.18562269375 0.71671164375 0.2077066828125 0.7107682625 0.2204318078125 0.7032799265625 0.27580948906249997 0.6629784015625 0.2754049796875 0.6407370828125 0.26618029375 0.6188376703125 0.2485734828125 0.6144328703124999 0.22648949687500003 0.62037625 0.2131586 0.6361549546874999 0.20487710625000002 0.638383721875
0 0.2162585125 0.7511352703124999 0.1919527109375 0.7597084359374999 0.1886199859375 0.7636531125 0.192895903125 0.7838366171875 0.1988549515625 0.7995034765625 0.203803721875 0.8012193828124999 0.21814489531249998 0.7993916328124999 0.2363910203125 0.7904174515625 0.2685067203125 0.767551428125 0.28739215625000003 0.745198265625 0.29075842343749997 0.736164975 0.286987646875 0.7229569453125 0.27490183125 0.7170663 0.24897998124999998 0.71997888125 0.23342727187499998 0.73838736875 0.2162585125 0.7511352703124999
0 0.45120275468750004 0.6421893171875 0.45759985781249995 0.6750088828125 0.473590621875 0.6737531 0.489715559375 0.6521428593749999 0.48500159062500003 0.61480665 0.48124618124999996 0.6060746921875 0.46673849531249995 0.592678278125 0.441627384375 0.5961924187500001 0.43601902187499997 0.6046230453125 0.4304644796875 0.61119750625 0.43480748125 0.6212037828125 0.45120275468750004 0.6421893171875
0 0.3976423796875 0.6576197406250001 0.4025911515625 0.659335646875 0.41060429843749996 0.6978157953124999 0.423228796875 0.705593303125 0.4375699703125 0.7037655515625 0.45255045781250003 0.6885588171875 0.45766694531249996 0.664831653125 0.45120275468750004 0.6421893171875 0.43369657500000003 0.6225186734375 0.42598730468749996 0.6215456875 0.40390332031250004 0.6274890703125 0.39666564531250004 0.6385801734375 0.3976423796875 0.6576197406250001
0 0.5469776328125 0.5767930031249999 0.5667727171875 0.5836566359375001 0.5877793375 0.57393953125 0.59831619375 0.5639923640625 0.589697275 0.5338025843749999 0.5705750453125 0.5084713562500001 0.559027915625 0.504467571875 0.5523960109375 0.5072683078125 0.5633709171875 0.514473846875 0.562226465625 0.520877353125 0.5478517484375 0.52779371875 0.5372478093749999 0.5479181140625 0.5469776328125 0.5767930031249999
0 0.6472296875 0.5010485046875 0.6560498640625 0.5007065984375 0.666553175 0.49584804687500006 0.673790846875 0.4847569421875 0.6723089734375 0.4587419 0.6581019718750001 0.44021519375 0.6480673734375 0.430770396875 0.6403784078125 0.42878481874999996 0.6250972046875 0.4431697671875 0.6281410015625 0.47062866249999996 0.63349428125 0.4945858890625 0.6472296875 0.5010485046875
0 0.6859437500000001 0.48047035937500004 0.6981637359375 0.4660065484375 0.702202859375 0.4385056609375 0.6979847328125001 0.42544608906250003 0.65981865 0.43060993437499995 0.6564859249999999 0.43455461093750003 0.6592128828125 0.4389003015625 0.6717702921875001 0.4568550390625 0.67547398125 0.4802402953125 0.6859437500000001 0.48047035937500004
0 0.7216940640625 0.4078621296875 0.71341256875 0.41009089843749996 0.7133790249999999 0.41517951249999996 0.7011925812500001 0.42455471093749997 0.7004190953125 0.45828815 0.7142215875 0.45457353593749994 0.7197761265625 0.4479990765625 0.7271144296875 0.42164212812499996 0.7216940640625 0.4078621296875
0 0.7684212734375 0.4257641328125 0.796193971875 0.39289183437499997 0.7876421421875001 0.3525248265625 0.7821546890625 0.3489220546875 0.7810102375 0.35532556249999997 0.7539439375 0.36464165 0.743945765625 0.376475678125 0.7405124125 0.395686196875 0.7441825578125 0.42416006875 0.7546187843750001 0.4294787453125 0.7684212734375 0.4257641328125
0 0.7974390546875 0.371222484375 0.8117802281250001 0.3693947328125 0.8272993953125001 0.3560748609375 0.8230570234375 0.3308027421875 0.818108253125 0.3290868328125 0.79376890625 0.3427486125 0.7974390546875 0.371222484375
0 0.7967124 0.3680587703125 0.8003001828125 0.35521371875 0.7921193171875001 0.3421766421875 0.7882479124999999 0.34423445625000004 0.7967124 0.3680587703125
0 0.7346599640625 0.6146675703125 0.750650728125 0.6134117890625 0.7607159859375 0.5914005328124999 0.7591670265625 0.57556271875 0.7449600249999999 0.5570360140624999 0.7295750296875 0.5500014281250001 0.721293534375 0.552230196875 0.7100133703125 0.5687771796875001 0.719947825 0.5891653906250001 0.7308891890625 0.6014595421875 0.7346599640625 0.6146675703125
0 0.7053718484375 0.6266134421875 0.7096813078124999 0.6417083328125 0.7146300765625 0.643424240625 0.7278938859374999 0.637822765625 0.7362760109375001 0.6203281546875 0.731966553125 0.605233265625 0.7106225078125 0.5825318203125 0.696853559375 0.58115781875 0.6868889312500001 0.5879032328125 0.681873075 0.596364553125 0.686216075 0.6063708296875 0.7053718484375 0.6266134421875
0 0.68133638125 0.677782384375 0.697327146875 0.6765266015625 0.7100858140625 0.663949653125 0.7129804859375 0.642852271875 0.6911648453125 0.6080867359375 0.6829168953125 0.605226890625 0.6691144015625 0.608941503125 0.6613380484375 0.618145746875 0.663459234375 0.63078180625 0.677094009375 0.6525102656249999 0.68133638125 0.677782384375
0 0.6510379875 0.6757773046875 0.6580408578125 0.7003065015625001 0.673492940625 0.6971638578125 0.6812692953124999 0.6879596140625 0.6830866015625 0.6630885109375 0.66834091875 0.6426749421875 0.6678693234375 0.630610853125 0.6502625109375 0.6262060515625001 0.63922051875 0.6291777421875 0.629222346875 0.6410117703125 0.6313435328125 0.653647828125 0.6510379875 0.6757773046875
0 0.6047051328124999 0.6727534625 0.6107312687500001 0.67824309375 0.6165896890625 0.709175796875 0.6319746859375 0.7162103796875 0.646315859375 0.7143826296875 0.6563140296875 0.7025486015625 0.6591416140625 0.69162845 0.6516000625 0.6652123921875 0.63409388125 0.6455417484375 0.629145109375 0.6438258390625 0.6153426171875 0.6475404546875 0.605344446875 0.6593744796875 0.6047051328124999 0.6727534625
0 0.55297420625 0.7539806328124999 0.570985528125 0.780626753125 0.576911034375 0.8013822265625 0.6011832921875 0.7978976765625 0.6111479203125 0.7911522640624999 0.61838559375 0.7800611578125001 0.61192140625 0.7574188234375 0.58458476875 0.724139134375 0.5796359984375 0.722423225 0.5658335078125 0.7261378390625 0.5564075609375 0.7347701140625 0.5491698875 0.7458612171875 0.55297420625 0.7539806328124999
0 0.5266162953125 0.8230452015624999 0.5475222875 0.8285939421874999 0.5657684109375001 0.8196197609375 0.577449715625 0.8032690875 0.5715242109374999 0.7825136140625 0.5452649375 0.7530076484375 0.520992678125 0.7564921984375 0.50985005625 0.77472973125 0.5119712421875 0.7873657921875 0.5174586953125 0.7909685609375 0.5266162953125 0.8230452015624999
0 0.40848709687499996 0.8517891203125 0.42636424218749996 0.8987896984375 0.4345786515625 0.9067381609374999 0.44834759843749994 0.9081121609375 0.4683104 0.889532721875 0.4717437515625 0.8703222015625001 0.46581824687499995 0.849566728125 0.44178079062500003 0.8174309781250001 0.4307723421875 0.8153140546875 0.422490846875 0.8175428218749999 0.4080825859375 0.8295478015625 0.404144090625 0.8417828453125 0.40848709687499996 0.8517891203125
0 0.367922184375 0.902326984375 0.3705820515625 0.9168499046875 0.3819950109375 0.9412081499999999 0.3846213375 0.9608196828125 0.393407971875 0.965566390625 0.41050964375000004 0.9629957171875001 0.4232683125 0.950418765625 0.430539528125 0.934239046875 0.42636424218749996 0.8987896984375 0.4116185578125 0.8783761328124999 0.40007142656249994 0.874372346875 0.3890294328125 0.8773440375 0.37684298906249997 0.886719234375 0.367922184375 0.902326984375
1 0.25737430625 0.4131140984375 0.2196334546875 0.3240794890625 0.162717621875 0.3518142078125 0.203986228125 0.44370176250000004 0.25737430625 0.4131140984375
1 0.12370224218749999 0.372540615625 0.1694275515625 0.46678900624999997 0.208485409375 0.44005798125 0.1657470109375 0.34856600625 0.12370224218749999 0.372540615625
1 0.1683206953125 0.47384502656249994 0.0563318 0.53836158125 0.0809326953125 0.5863004968750001 0.188641603125 0.5173050640625 0.1683206953125 0.47384502656249994
1 0.21431272343750002 0.6991573343749999 0.19689388593749999 0.7095422375 0.18104946875 0.7157054296875 0.166466428125 0.7196890484375 0.1556229109375 0.7177414765625 0.1454688328125 0.7223664765625 0.1699112265625 0.7747193265625001 0.272678609375 0.6951963140624999 0.259560509375 0.6629256328124999 0.21431272343750002 0.6991573343749999
1 0.20396248906249997 0.8029298703125001 0.19208915937499998 0.8137636562499999 0.21237375468750003 0.86283139375 0.30893061875 0.7802680671875 0.2923200265625 0.74178153125 0.22256875156249997 0.7982716734374999 0.20396248906249997 0.8029298703125001
1 0.23257331718750002 0.9031460015624999 0.32658977031249997 0.8194821109375001 0.30678924687500003 0.774557984375 0.2092021140625 0.8553031328125 0.23257331718750002 0.9031460015624999
1 0.2528537140625 0.945534278125 0.3443436890625 0.8570567984374999 0.32386279687499997 0.8146661453125 0.22747937031249998 0.899627484375 0.2528537140625 0.945534278125
1 0.26618835 0.9779176062499999 0.3575253484375 0.8875661015625 0.340461628125 0.8549020640625 0.2478523671875 0.9423401046875 0.26618835 0.9779176062499999
1 0.472686603125 0.86702448125 0.469466553125 0.8808130578125001 0.4934003921875 0.8590051140625 0.4635763375 0.7869205609375001 0.43656876093749997 0.8121347796875 0.45771918593749994 0.83787450625 0.4665520609375 0.8491178250000001 0.472686603125 0.86702448125
1 0.5267945625 0.825570890625 0.5001522703125 0.7539358328125 0.45919455937500003 0.7875357000000001 0.487993396875 0.8597618031250001 0.5267945625 0.825570890625
1 0.5178789265625 0.6306312734375 0.4883266046875 0.5536506718750001 0.4515648625 0.584566671875 0.48879236875 0.6576675890625 0.5178789265625 0.6306312734375
1 0.5527427734375 0.6041355890625 0.5241503203125 0.5269811515625 0.485780625 0.5558007140625 0.5159683390625001 0.6328916765625 0.5527427734375 0.6041355890625
1 0.5582137828125 0.694920590625 0.5723361765625 0.72290098125 0.604022775 0.746154409375 0.6179642000000001 0.7305281171875 0.5940118328125 0.6642871421875001 0.5582137828125 0.694920590625
1 0.6432768015625 0.5238591328125 0.616018459375 0.44601957968750006 0.5839099328125 0.4734801421875 0.6070931265625 0.549313040625 0.6432768015625 0.5238591328125
1 0.600134140625 0.5553767890625 0.6107055671875 0.5476423078125 0.5892360812499999 0.4706497578125 0.5531101781250001 0.5031194515624999 0.5549353515625 0.513962653125 0.5644361796874999 0.5253683359375 0.5826642953125 0.5693318359374999 0.600134140625 0.5553767890625
1 0.571355803125 0.42097412656250005 0.5385168078125 0.3435489796875 0.5026226312500001 0.3682264734375 0.5336319265625 0.4499857359375 0.571355803125 0.42097412656250005
1 0.47638296249999995 0.40881557187500006 0.495844615625 0.4178969078125 0.5069114625 0.4351746 0.5157899140625 0.45373975 0.515823565625 0.46425213593750003 0.5386920578125001 0.4444329890625 0.50926856875 0.3664378765625 0.4683730671875 0.38792121874999996 0.47638296249999995 0.40881557187500006
1 0.526296809375 0.24299623124999997 0.49870580000000003 0.164879890625 0.46006505000000003 0.18468600468750002 0.4869062796875 0.266169996875 0.526296809375 0.24299623124999997
1 0.45785092499999996 0.26216080625 0.46106056874999995 0.270933109375 0.4649183078125 0.28046937031249997 0.492232453125 0.2633396328125 0.46367755156249996 0.183015284375 0.42881836093750003 0.20493053906249997 0.435430215625 0.21326901406249998 0.44474071562499995 0.22859008906249997 0.45785092499999996 0.26216080625
1 0.5597594171875 0.21971547187499998 0.5882661812500001 0.20222087968750002 0.5642144265625 0.12871723906250002 0.5333664328125 0.14549479999999998 0.5384625 0.15878823125 0.5597594171875 0.21971547187499998
1 0.711190003125 0.31407467499999997 0.6914783046874999 0.2575636046875 0.6699062812500001 0.280482109375 0.6762116265625 0.2931924578125 0.6848246125 0.311430559375 0.6939908484374999 0.3256412296875 0.711190003125 0.31407467499999997
1 0.8047262578125001 0.14602369531249998 0.8536509562499999 0.11264193281249998 0.8453247390625 0.084108121875 0.8384583624999999 0.0904961859375 0.8145494734375 0.0944860078125 0.7956184375 0.10516872656250001 0.8047262578125001 0.14602369531249998
1 0.8740085343749999 0.3981089109375 0.9160815859375001 0.3626449515625 0.9062357203125 0.34089096093750004 0.8905115578125 0.3538538203125 0.8744757828124999 0.356772490625 0.8645641796874999 0.3650278453125 0.8740085343749999 0.3981089109375
1 0.7259703625 0.375624246875 0.6975165640625 0.388810803125 0.711525128125 0.4184935453125 0.7234856125 0.44770475625 0.7441773 0.4288648390625 0.7259703625 0.375624246875
1 0.436383584375 0.5283335546875 0.39670468593749997 0.43689274375 0.35260086875 0.4704152875 0.3918066609375 0.5593982265624999 0.436383584375 0.5283335546875
1 0.31223741718750003 0.49734334843749994 0.3527129390625 0.5910211249999999 0.3971328015625 0.5565678203125 0.3594555015625 0.46577659843749997 0.31223741718750003 0.49734334843749994