0 0.2724162515625 0.7230562671875 0.29371144843749997 0.7371486 0.31995563437499996 0.7376100625 0.36355584687500003 0.7305379125 0.38994741875 0.7163042296875 0.3900602484375 0.6614346546875 0.3553700546875 0.6088926671875 0.1560296046875 0.5720726953125 0.09978400312499999 0.5750031 0.028509489062499997 0.5933468328125 0.021233384375 0.5990979875 0.0156603 0.6313350203125 0.0202581125 0.674529234375 0.05828524375000001 0.6996941140625 0.1339756328125 0.699065315625 0.2724162515625 0.7230562671875
0 0.27702323125 0.5908576203125 0.286921215625 0.5635958828125001 0.2794631734375 0.543867759375 0.22622518593750002 0.508636925 0.1044255328125 0.48297888125000005 0.0678630734375 0.48625538281249997 0.050030340625 0.4977000140625 0.040643615625000004 0.5612251671874999 0.048010687499999996 0.56821365 0.0965034828125 0.5749454171874999 0.143145865625 0.56988645625 0.27702323125 0.5908576203125
0 0.4855384765625 0 0.48303050000000003 0.006570378125 0.47071443437499993 0.013212764062499998 0.4677632328125 0.0239392140625 0.48321243750000004 0.0320496578125 0.48614178125 0.08893242500000001 0.474336971875 0.1318382234375 0.5053263515624999 0.1607987515625 0.536939821875 0.17115312031250002 0.5730255796875 0.171787634375 0.599178796875 0.15950945625 0.6157506578125 0.0774935078125 0.6081106765625 0.032286103125 0.5769826 0 0.4855384765625 0
0 0.32677730625 0 0.32765414375 0.013636815625000001 0.31509972343750003 0.022234707812499997 0.3182328625 0.036987539062500005 0.333920421875 0.0431424765625 0.3390513515625 0.054990887499999995 0.3965232703125 0.082457375 0.42909015000000006 0.08498971093749999 0.459000596875 0.06885820312499999 0.4673935796875 0 0.32677730625 0
1 0.825745578125 0.9539779328125 0.9005162671875 0.9500593671875001 0.8929340703124999 0.7497339968750001 0.7478171734375 0.7243417953125 0.744152834375 0.9424400359374999 0.825745578125 0.9539779328125
1 0.7803676546875 0.94103159375 0.7845957640625 0.72328591875 0.613013109375 0.694703175 0.621242403125 0.922894184375 0.7803676546875 0.94103159375
1 0 0.9497130593750001 0.12367871718750001 0.9652767375 0.322597003125 0.9667291078125 0.31522633437500003 0.857178228125 0 0.8101709593749999 0 0.9497130593750001
1 0 0.8311129046874999 0.3140811125 0.8817012046875 0.321688525 0.7539254328125 0 0.690669734375 0 0.8311129046874999
1 0 0.485418071875 0.3250159640625 0.552606878125 0.3238692078125 0.4368961390625 0.01380723125 0.35999368125000003 0 0.45236522187499995 0 0.485418071875
1 0.008142990625 0.378301359375 0.3445246984375 0.46295860156249996 0.332925025 0.345003475 0.01842813125 0.251676190625 0.008142990625 0.378301359375
1 0.0139790109375 0.2740957671875 0.33591316875 0.3646348078125 0.32824345625 0.242641275 0.0271919140625 0.1516126125 0.0139790109375 0.2740957671875
1 0.012461165625 0.172828865625 0.3307269234375 0.26637124375 0.33714377500000003 0.152024375 0.0357070578125 0.0535900421875 0.012461165625 0.172828865625
1 0.05028629999999999 0 0.029573959374999997 0.061663265625 0.31856560156249997 0.1690076453125 0.3154225046875 0.0838820171875 0.082964584375 0 0.05028629999999999 0
1 0.77115636875 0.0736801671875 0.7804953968749999 0.236442334375 0.9129067750000001 0.276607984375 0.9033190109375001 0.11588651406249999 0.77115636875 0.0736801671875
1 0.792235246875 0.2386941453125 0.803917178125 0.08652773124999999 0.65060929375 0.034745821875 0.65257556875 0.2035967078125 0.792235246875 0.2386941453125
1 0.7712159062499999 0.5941994125 0.765359509375 0.40286483593750005 0.609095121875 0.36125723125000003 0.6116421984375 0.55702105625 0.7712159062499999 0.5941994125
1 0.7264020546875 0.3980892984375 0.7419125375 0.5947067703125 0.8929431640625 0.6229281390625 0.8788965687499999 0.428381634375 0.7264020546875 0.3980892984375