0 0.1865234375 0.12467997812500001 0.1650390625 0.11490115468749999 0.1337890625 0.0880093953125 0.0751953125 0.078230575 0.06537699687500001 0.067482334375 0.045414521875 0.067482334375 0.0332151328125 0.0744263515625 0.0343242296875 0.0966471796875 0.03125 0.1405705625 0.041015625 0.1747964390625 0.0615234375 0.19557643593750001 0.1181640625 0.1980211421875 0.1650390625 0.2126893734375 0.1748046875 0.2249129015625 0.19140625 0.22369054843749997 0.2099609375 0.22002349062499998 0.220703125 0.1943540828125 0.212890625 0.1576835015625 0.1865234375 0.12467997812500001
0 0.7763671875 0.466938740625 0.7490234375 0.4547152125 0.6748046875 0.449825803125 0.6201171875 0.4620493296875 0.6015625 0.4852740328125 0.599609375 0.517055203125 0.603515625 0.5268340234375 0.6435546875 0.5745057796874999 0.6572265625 0.5769504859375 0.6708984375 0.5696163703125 0.7138671875 0.5745057796874999 0.7373046875 0.579395190625 0.7548828125 0.5940634234375 0.767578125 0.5928410703125 0.798828125 0.5683940171875 0.8046875 0.5439469625 0.80078125 0.5048316749999999 0.7763671875 0.466938740625
0 0.3623046875 0.674738703125 0.2880859375 0.635623415625 0.27734375 0.6392904749999999 0.20031093437499997 0.6437150968750001 0.1861388171875 0.6678007171875 0.19140625 0.7272998703125 0.1953125 0.741968103125 0.2197265625 0.76519280625 0.2451171875 0.7578586890625 0.3291015625 0.76519280625 0.3681640625 0.76030339375 0.388671875 0.7737492734375 0.39453125 0.7590810421875 0.39453125 0.7321892828125 0.37890625 0.6955186999999999 0.3623046875 0.674738703125
0 0.466796875 0.8373116171874999 0.4404296875 0.8067527968749999 0.4033203125 0.7969739765625 0.3662109375 0.7627481 0.2705078125 0.76519280625 0.2607421875 0.767637509375 0.240234375 0.78841750625 0.2421875 0.8373116171874999 0.2900390625 0.8996516046874999 0.3076171875 0.904541015625 0.3232421875 0.887428078125 0.3623046875 0.8898727843750001 0.4169921875 0.906985721875 0.4287109375 0.924098659375 0.443359375 0.9228763062500001 0.4677734375 0.9118751312500001 0.4765625 0.9008739578125 0.478515625 0.8715374921875 0.466796875 0.8373116171874999
1 0.7921939390625 0.6092140609375 0.5793970953125 0.5755177671875 0.6227257093749999 0.7024881093750001 0.8352442343750001 0.7435628609375 0.7921939390625 0.6092140609375
1 0.662265746875 0.8150495015624999 0.8871780656249999 0.858229996875 0.8243108671874999 0.7170354046875 0.6213590531250001 0.68879649375 0.662265746875 0.8150495015624999
1 0.703272915625 0.939092721875 0.9329617812500001 0.9711538546874999 0.8728278984375001 0.8342378874999999 0.6650927796875 0.800008928125 0.703272915625 0.939092721875
1 0.6582593875 0.30463962499999997 0.460647171875 0.26968706875000004 0.49494127343749994 0.3790876890625 0.7019931140625 0.42187392968750004 0.6582593875 0.30463962499999997
1 0.6213590531250001 0.21570781249999998 0.4247659 0.1670306109375 0.4676077 0.2867329640625 0.661676084375 0.3235291578125 0.6213590531250001 0.21570781249999998
1 0.59334215 0.1267760328125 0.40169936718750004 0.0761368734375 0.42865737968750006 0.18582105625 0.6247757484375 0.23031872031249997 0.59334215 0.1267760328125
1 0.55507515625 0.0446264328125 0.375215571875 0.00128320625 0.4047405015625 0.10452720156249999 0.5912921109375 0.1404676171875 0.55507515625 0.0446264328125
1 0.273345265625 0.25435075937499996 0.0272421703125 0.19655039531250001 0.0667500390625 0.325142809375 0.31343083125 0.38821210625 0.273345265625 0.25435075937499996
1 0.3452938296875 0.46405705625 0.0966326625 0.4136887171875 0.1448656859375 0.5631659328125 0.39051857968750003 0.60821536875 0.3452938296875 0.46405705625