0 0.328125 0.10384593281250001 0.3154296875 0.08901079843750001 0.2958984375 0.0791207109375 0.2783203125 0.0791207109375 0.2646484375 0.08901079843750001 0.25390625 0.11373602187500001 0.248046875 0.15329637812500002 0.248046875 0.18296664375 0.2578125 0.2423071765625 0.2578125 0.28516422812500003 0.3037109375 0.30988945156250003 0.337890625 0.3148344953125 0.34375 0.30824110312499997 0.349609375 0.26538405 0.34375 0.19285673125 0.328125 0.10384593281250001
0 0.533203125 0.26538405 0.525390625 0.21593360625 0.5068359375 0.1945050796875 0.4892578125 0.1879116875 0.4697265625 0.191208384375 0.453125 0.21923030156249998 0.443359375 0.2620873546875 0.443359375 0.29175762031249997 0.458984375 0.3148344953125 0.4609375 0.374175028125 0.46484375 0.38736181406250003 0.5185546875 0.41538373125000005 0.5322265625 0.41538373125000005 0.546875 0.3972519015625 0.5517578125 0.3758233765625 0.5625 0.41373538437499996 0.564453125 0.44340565 0.5712890625 0.45824078281249997 0.57421875 0.45659243437499997 0.55078125 0.33791136875 0.54296875 0.318131190625 0.544921875 0.30824110312499997 0.533203125 0.26538405
0 0.830078125 0.8653827749999999 0.830078125 0.8324158125000001 0.8193359375 0.8043938921875 0.7783203125 0.7681302343749999 0.7509765625 0.7549434500000001 0.7138671875 0.7516467515625 0.6826171875 0.7648335375 0.6689453125 0.7615368421875 0.6533203125 0.7681302343749999 0.6416015625 0.7813170203124999 0.63671875 0.7961521515625 0.634765625 0.8390092046875001 0.638671875 0.8521959890625 0.6708984375 0.8868113 0.6845703125 0.8868113 0.6943359375 0.8769212109375 0.7744140625 0.90329478125 0.7822265625 0.9197782625 0.796875 0.918129915625 0.8017578125 0.9065914765624999 0.8173828125 0.9065914765624999 0.82421875 0.8950530406249999 0.830078125 0.8653827749999999
0 0.27734375 0.512636271875 0.2626953125 0.468130871875 0.2255859375 0.451647390625 0.1845703125 0.44505399843750004 0.1474609375 0.45824078281249997 0.1162109375 0.45824078281249997 0.095703125 0.47637261249999996 0.091796875 0.5060428796875 0.095703125 0.54889993125 0.1044921875 0.5637350640625 0.1162109375 0.5670317609375 0.1259765625 0.5835152421875 0.1396484375 0.5868119375 0.1494140625 0.57692185 0.1572265625 0.57692185 0.2373046875 0.5934053296874999 0.2451171875 0.6131855078124999 0.2578125 0.61483385625 0.2685546875 0.5999987234375 0.2744140625 0.5999987234375 0.28125 0.5785701984375 0.27734375 0.512636271875
0 0.2041015625 0.3395597171875 0.2451171875 0.3560432 0.248046875 0.3346146734375 0.2421875 0.30494440625 0.2353515625 0.29340596875 0.2099609375 0.2703290953125 0.1884765625 0.26043900625 0.1630859375 0.224175346875 0.1279296875 0.20439517031249999 0.0498046875 0.1846149921875 0.044921875 0.202746821875 0.037109375 0.21263690937500002 0.029296875 0.252197265625 0.02790569375 0.3169386265625 0.0477623015625 0.3378959375 0.05859375 0.3346146734375 0.060546875 0.35439485 0.0654296875 0.3626365921875 0.076171875 0.36098824375 0.0966796875 0.3428564140625 0.1318359375 0.34944980625 0.1669921875 0.336263021875 0.2041015625 0.3395597171875
0 0.27734375 0.38736181406250003 0.2568359375 0.3626365921875 0.1962890625 0.3395597171875 0.1552734375 0.3395597171875 0.1357421875 0.3527465015625 0.0869140625 0.3527465015625 0.0693359375 0.37252667968750003 0.064453125 0.390658509375 0.0703125 0.44340565 0.0966796875 0.468130871875 0.1259765625 0.4549440859375 0.2080078125 0.44505399843750004 0.2646484375 0.468130871875 0.2734375 0.4994494875 0.283203125 0.5027461828125 0.291015625 0.45659243437499997 0.2890625 0.4170320796875 0.279296875 0.4005485984375 0.27734375 0.38736181406250003
0 0.65 0.9296875 0.00234375 0.00859375
1 0.47716185624999996 0.43983637968749995 0.4387801578125 0.243032565625 0.33402865 0.19114285312499998 0.3472664515625 0.3993187828125 0.47716185624999996 0.43983637968749995
1 0.689793265625 0.5194740671875 0.6518605828124999 0.311123584375 0.528458115625 0.26239769062499996 0.5582431046874999 0.46917648749999996 0.689793265625 0.5194740671875
1 0.7874217031249999 0.550211415625 0.7470227140625 0.3495339046875 0.6310506953125 0.30291518125 0.6657997671875 0.509694084375 0.7874217031249999 0.550211415625
1 0.890014221875 0.594920409375 0.8432192171875 0.3879442234375 0.7270244406249999 0.34762412343750004 0.7700471046875 0.5488142828125 0.890014221875 0.594920409375
1 0.9835058609375 0.6228634921875 0.9383813484375001 0.417624925 0.8213433640625001 0.3783614703125 0.868502825 0.5893317734375 0.9835058609375 0.6228634921875
1 0.10157521249999998 0.8156955031249999 0.33320130312499996 0.8784388218749999 0.314172075 0.7373262796875 0.088302925 0.6702628921875 0.10157521249999998 0.8156955031249999
1 0.3133446640625 0.635334040625 0.0850252765625 0.576503971875 0.084993475 0.7037946125000001 0.31913621718749996 0.7778437703125001 0.3133446640625 0.635334040625
1 0.113987665625 0.9309264609375001 0.3505758390625 0.9971969203125 0.33402865 0.8504957921875 0.10071331718750001 0.7890210984375 0.113987665625 0.9309264609375001