0 0.11473424375 0.08394439687500001 0.1068809484375 0.090928509375 0.09599048437499999 0.11636330624999999 0.09186977187499999 0.1531851359375 0.10136618593749999 0.1994491203125 0.1100701515625 0.21408959218749998 0.129548140625 0.22329313125 0.1469754765625 0.2492410953125 0.17633801093749998 0.238049075 0.277751640625 0.26390982812499997 0.2932641671875 0.283271378125 0.3040187859375 0.281167421875 0.318738865625 0.2689054546875 0.3343872390625 0.2649361640625 0.345355328125 0.22616945937500002 0.3397273421875 0.18641234843750001 0.3320292984375 0.1667326421875 0.3233253328125 0.152092171875 0.2961104859375 0.12987488125 0.28634238125 0.13027257812499998 0.2572127265625 0.1014688703125 0.2338469 0.08909143281250001 0.187037625 0.0776684671875 0.11473424375 0.08394439687500001
0 0.6306648218750001 0.032949228125 0.6060602 0.0656067546875 0.6058467296875001 0.1022695046875 0.6134671484374999 0.13528112187500002 0.6299467828124999 0.1562693875 0.6357106140625 0.172695659375 0.648380040625 0.1771781171875 0.6670461750000001 0.1580911203125 0.70221135 0.1566594140625 0.7139718890625 0.149516221875 0.7628124125 0.1475277390625 0.8173779531250001 0.1686314796875 0.8224269578125 0.140102325 0.818869034375 0.08026781250000001 0.8131440156249999 0.0571755890625 0.80442064375 0.04586809375 0.7381527859375 0.0219086125 0.6912852890625001 0.020484578125 0.6306648218750001 0.032949228125
0 0.6780498609375 0.28093404375 0.7054005531249999 0.27982049375 0.738670328125 0.26846939375 0.783603609375 0.266639990625 0.8528310093749999 0.28548070000000003 0.8570681609375 0.22866100625 0.847474715625 0.1990619046875 0.8387513421874999 0.1877544109375 0.7823098078124999 0.1533983015625 0.7276472359375 0.1489594453125 0.69633108125 0.1602310078125 0.6689803890625 0.16134455781249998 0.6493471468750001 0.17880483593750002 0.638398465625 0.21423856562500002 0.640177428125 0.2441558234375 0.65661825 0.27181004375 0.6780498609375 0.28093404375
0 0.6850686796875001 0.4172679578125 0.6988022453125 0.40671225 0.7496157953125 0.4013112515625 0.7555154703125 0.3944066796875 0.81021685625 0.39217957812500004 0.8491922421875 0.407253678125 0.8716491796874999 0.40800546562499995 0.8758087046874999 0.36451768281249997 0.866370509375 0.308254765625 0.8576665453125001 0.29361429375000003 0.8343007203124999 0.28123685625 0.7503920546875 0.267992159375 0.7131956296874999 0.2828353140625 0.6780498609375 0.28093404375 0.6682429437499999 0.287997696875 0.6534452374999999 0.31359157031249996 0.6512587390625 0.3536668390625 0.6569255375 0.38675799375 0.6850686796875001 0.4172679578125
0 0.7398088781250001 0.408374903125 0.6968292171875 0.4101247671875 0.67611243125 0.445956190625 0.6758019281250001 0.499283828125 0.6883355078125 0.52709713125 0.7077940921875 0.5396336453125 0.7154921375 0.5593133546875 0.730115184375 0.563716275 0.7488007234375 0.5412962984374999 0.7781244453125 0.53677023125 0.7918580093750001 0.5262145265625 0.8485130156249999 0.5239078859374999 0.8952834796875001 0.54199680625 0.9023831390625 0.49672322500000005 0.9005459578125 0.47680490000000003 0.8871423015625 0.43069999374999995 0.8745505015624999 0.412885621875 0.7906806484375 0.392974971875 0.7554960640624999 0.3977396578125 0.7398088781250001 0.408374903125
0 0.7315254234374999 0.6569600999999999 0.7519511140625 0.6711233359375 0.7655100218750001 0.690564425 0.7733245046875 0.69024626875 0.787096884375 0.67302460625 0.798779796875 0.6792133234375 0.8729591718749999 0.6861897640625 0.8787035968750001 0.705949009375 0.8953190765624999 0.7036064359374999 0.9170029718749999 0.66940173125 0.9173134749999999 0.61607409375 0.907661809375 0.5964739265625 0.9039486312499999 0.5633032328125 0.889442021875 0.538902446875 0.8524008515625001 0.5270817859375 0.8133478390625 0.52533959375 0.7507349375000001 0.5445497359375 0.7310822906250001 0.5653429953125 0.7261303156250001 0.5772072625 0.721951384375 0.6240280234375 0.7315254234374999 0.6569600999999999
0 0.915317825 0.7910951734375 0.8410996374999999 0.7907846890625 0.8117176984375 0.8053096890625 0.7647919828124999 0.8138845859374999 0.7529926312499999 0.8276937296875 0.7411156546875 0.8548347859375 0.7382143328125 0.849954628125 0.7340354 0.8967753875 0.7455048421875 0.9396268593749999 0.7639380984375 0.9605355890625 0.7776134453125 0.9599788125 0.785350303125 0.9729925640625 0.8224691 0.9714813171875001 0.8283687765625001 0.964576746875 0.8596461171875 0.9599711390625 0.9621432921874999 0.967460746875 0.9739232375 0.9569845796875001 0.9775528484375 0.9411458859374999 0.9791921484375001 0.87071485625 0.972648840625 0.8404099125 0.9630359890625 0.814143790625 0.9543126171875 0.8028362953125001 0.915317825 0.7910951734375
0 0.1751283796875 0.7812448390625 0.1563652125 0.8169967234375 0.1541010875 0.8704039015625 0.163636315625 0.9100019296875 0.1781817359375 0.9277367625 0.19572551093749999 0.9336868640624999 0.2053383640625 0.9599529859375 0.21899430312499998 0.9627291874999999 0.2425736 0.9384438749999999 0.262051590625 0.9476474140625 0.3323237234375 0.9547829312499999 0.3498480921875 0.964066009375 0.3595191640625 0.9803331999999999 0.37613464531249996 0.9779906265625 0.388920509375 0.9624752234375 0.4006228296875 0.965330965625 0.4084761265625 0.958346853125 0.41549816093749997 0.9264051796875 0.415692225 0.893075409375 0.40615699843749997 0.853477375 0.3838941265625 0.8193958171875 0.342984525 0.801068278125 0.3255377828125 0.7784532890625 0.26897980781249997 0.76409504375 0.22795376875 0.76576536875 0.1751283796875 0.7812448390625
1 0.3304872734375 0.2950158140625 0.08183649531250001 0.24504819375000003 0.0918827796875 0.396328115625 0.348967015625 0.44947083593750004 0.3304872734375 0.2950158140625
1 0.10497454218749999 0.5374010234375 0.3699751328125 0.5841256125000001 0.34665005625 0.42069733125 0.09000849375 0.37686598125000004 0.10497454218749999 0.5374010234375
1 0.1165653796875 0.6802311390625 0.38719873437499996 0.720144353125 0.36719215 0.5623149578125 0.10264276406249999 0.5111724343749999 0.1165653796875 0.6802311390625
1 0.913861284375 0.7304015875000001 0.6557866765625 0.682713003125 0.6805659265624999 0.858637796875 0.9399889578125 0.8514682296875 0.913861284375 0.7304015875000001