0 0.8408203125 0.7045105828125 0.8134765625 0.692204721875 0.7666015625 0.68912825625 0.6787109375 0.70758705 0.6689453125 0.7137399796875 0.65625 0.7368134703125 0.654296875 0.7552722625 0.669921875 0.8075721765624999 0.7060546875 0.8429515265624999 0.7197265625 0.8429515265624999 0.7294921875 0.8337221328125001 0.7841796875 0.8306456671875001 0.84765625 0.8414132953125 0.8857421875 0.836798596875 0.888671875 0.7860369171875 0.8671875 0.7306605390625001 0.8408203125 0.7045105828125
0 0.9765625 0.909095534375 0.9443359375 0.8675632500000001 0.9111328125 0.8614103203125 0.8779296875 0.8429515265624999 0.8447265625 0.8429515265624999 0.7783203125 0.8552573906250001 0.76171875 0.8814073468749999 0.759765625 0.909095534375 0.76953125 0.9398601890625 0.7939453125 0.9844689375 0.8134765625 0.9967748000000001 0.966796875 0.9983130328125001 0.9833984375 0.9967748000000001 0.990234375 0.979854240625 0.986328125 0.9367837234374999 0.9765625 0.909095534375
0 0.3681640625 0.6768223953125 0.3984375 0.6475959734375001 0.400390625 0.6199077828124999 0.390625 0.586066665625 0.3642578125 0.5506873125 0.3271484375 0.541457915625 0.3017578125 0.5229991218750001 0.2353515625 0.5260755890625 0.1845703125 0.5383814515625 0.177734375 0.5614549421875 0.177734375 0.5922195953125 0.1875 0.6199077828124999 0.2021484375 0.642981275 0.2216796875 0.652210671875 0.2314453125 0.6768223953125 0.244140625 0.6783606265625 0.2607421875 0.6552871359375 0.3408203125 0.6614400687499999 0.3544921875 0.6768223953125 0.3681640625 0.6768223953125
0 0.3095703125 0.5260755890625 0.318359375 0.5122314953125 0.3203125 0.49377270156249997 0.306640625 0.44762571875 0.2861328125 0.4183992984375 0.2333984375 0.3907111109375 0.1982421875 0.3876346453125 0.1346520171875 0.4101966453125 0.12391137031249999 0.42191457187500003 0.1123445953125 0.4987322953125 0.1513671875 0.54453438125 0.17578125 0.5491490796875 0.1826171875 0.53222851875 0.1943359375 0.5291520546874999 0.2685546875 0.5199226578125 0.3095703125 0.5260755890625
0 0.6376953125 0.129211546875 0.6123046875 0.12613508281250002 0.6005859375 0.11075275625 0.5830078125 0.10767629062499999 0.5224609375 0.11075275625 0.5029296875 0.1230586171875 0.48828125 0.1553615046875 0.494140625 0.1861261578125 0.5361328125 0.25534663125 0.5478515625 0.25534663125 0.5693359375 0.23381137343749997 0.6181640625 0.23381137343749997 0.6376953125 0.25534663125 0.646484375 0.2538083984375 0.66796875 0.22612020781250003 0.673828125 0.179973228125 0.6611328125 0.1538232703125 0.6376953125 0.129211546875
0 0.4326171875 0 0.421875 0.0199970265625 0.423828125 0.063067540625 0.4560546875 0.1230586171875 0.47265625 0.1276733140625 0.4873046875 0.1138292203125 0.5048828125 0.11690568750000001 0.5224609375 0.10767629062499999 0.5849609375 0.1045998234375 0.6123046875 0.11690568750000001 0.626953125 0.0784498671875 0.623046875 0.0415322828125 0.6123046875 0.030764653125000003 0.6072394625 0.0066749421875000004 0.5751953125 0 0.4326171875 0
0 0.2529296875 0.16612913437500001 0.2314453125 0.1538232703125 0.2158203125 0.1538232703125 0.1708984375 0.12613508281250002 0.1044921875 0.12613508281250002 0.083984375 0.1399791765625 0.0817750921875 0.2657719125 0.1494140625 0.2799583546875 0.2177734375 0.2768818875 0.2314453125 0.298417146875 0.2421875 0.299955378125 0.2509765625 0.29534068125 0.275390625 0.24765546718749998 0.2734375 0.2045849515625 0.2529296875 0.16612913437500001
0 0.1142578125 0.015382326562500001 0.0732421875 0.01845879375 0.044921875 0.047685214062499995 0.05859375 0.0969086609375 0.0546875 0.115367453125 0.0693359375 0.1415174109375 0.0947265625 0.12613508281250002 0.1240234375 0.1230586171875 0.1826171875 0.12613508281250002 0.2080078125 0.144593875 0.232421875 0.1492085734375 0.23828125 0.1061380578125 0.2265625 0.0722969375 0.1591796875 0.0276881890625 0.1142578125 0.015382326562500001
1 0.67250935 0.26567517500000004 0.48774653749999997 0.26227401875 0.5262716640625 0.397176696875 0.7229077078125 0.40629062187500004 0.67250935 0.26567517500000004
1 0.5675817515625 0.51956419375 0.77489931875 0.519341603125 0.71629806875 0.37634474687499997 0.5147048265625 0.369834771875 0.5675817515625 0.51956419375
1 0.6212848671875 0.6419517421875 0.8193150375 0.644621375 0.7642177953125 0.4909202953125 0.56345074375 0.48961841875 0.6212848671875 0.6419517421875