0 0.3369140625 0.7347188265625 0.3515625 0.7189338515625 0.353515625 0.6959738890625 0.3408203125 0.6773189187499999 0.3115234375 0.6687089312500001 0.2744140625 0.6744489234375 0.263671875 0.6873639015624999 0.259765625 0.710323865625 0.2685546875 0.7289788359375 0.2724609375 0.7289788359375 0.2802734375 0.7404588171875 0.287109375 0.73902381875 0.2919921875 0.73184883125 0.3076171875 0.7289788359375 0.3291015625 0.7289788359375 0.3369140625 0.7347188265625
0 0.333984375 0.6443139703125 0.3232421875 0.6227890046875 0.2958984375 0.6113090234375 0.2509765625 0.6141790203124999 0.236328125 0.635703984375 0.236328125 0.647183965625 0.244140625 0.6529239578125 0.2490234375 0.6715789265625001 0.2607421875 0.6801889125 0.267578125 0.678753915625 0.2822265625 0.6687089312500001 0.3291015625 0.6715789265625001 0.3359375 0.658663946875 0.333984375 0.6443139703125
0 0.3115234375 0.6170490140625 0.314453125 0.6012640390625 0.3056640625 0.5854790640624999 0.2978515625 0.5797390734375 0.2724609375 0.5739990828125 0.2353515625 0.576869078125 0.21875 0.5897840578125 0.216796875 0.609874025 0.2255859375 0.6313989921875 0.23828125 0.62996399375 0.2490234375 0.6141790203124999 0.2568359375 0.6113090234375 0.2978515625 0.6113090234375 0.3115234375 0.6170490140625
0 0.2783203125 0.53668914375 0.2626953125 0.52807915625 0.2412109375 0.52807915625 0.2255859375 0.533819146875 0.21484375 0.5524741171875001 0.21875 0.5725640859375 0.2236328125 0.576869078125 0.294921875 0.57543408125 0.30078125 0.56682409375 0.30078125 0.5524741171875001 0.2880859375 0.53668914375 0.2783203125 0.53668914375
0 0.2900390625 0.533819146875 0.294921875 0.526644159375 0.294921875 0.5122941828124999 0.2841796875 0.4936392109375 0.2783203125 0.49076921562500003 0.2666015625 0.49076921562500003 0.2587890625 0.485029225 0.2275390625 0.4878992203125 0.208984375 0.5036841953125 0.208984375 0.5237741640625 0.2177734375 0.53668914375 0.22265625 0.5352541453125 0.2392578125 0.52807915625 0.2685546875 0.52807915625 0.2744140625 0.533819146875 0.2900390625 0.533819146875
0 0.265625 0.4118443421875 0.267578125 0.3917543734375 0.2548828125 0.3759694 0.2451171875 0.3759694 0.2373046875 0.3702294078125 0.2021484375 0.3702294078125 0.19140625 0.377404396875 0.1875 0.40036436093749994 0.189453125 0.408974346875 0.2021484375 0.424759321875 0.208984375 0.42332432343750004 0.2275390625 0.416149334375 0.2451171875 0.416149334375 0.2548828125 0.4218893265625 0.265625 0.4118443421875
0 0.2080078125 0.30134951875 0.1845703125 0.30134951875 0.1669921875 0.307089509375 0.16015625 0.31713449374999997 0.162109375 0.3400944578125 0.1787109375 0.3530094359375 0.1982421875 0.3472694453125 0.2236328125 0.3472694453125 0.2275390625 0.3530094359375 0.232421875 0.3515744390625 0.2421875 0.3400944578125 0.2421875 0.32574447968750003 0.2314453125 0.3099595046875 0.2080078125 0.30134951875
0 0.2265625 0.2999145203125 0.224609375 0.28556454375 0.2119140625 0.2726495640625 0.2021484375 0.2726495640625 0.1923828125 0.264039578125 0.1630859375 0.264039578125 0.1533203125 0.2697795703125 0.1484375 0.279824553125 0.150390625 0.297044525 0.162109375 0.30852450781249996 0.1826171875 0.30134951875 0.2099609375 0.30134951875 0.2236328125 0.307089509375 0.2265625 0.2999145203125
0 0.2099609375 0.2726495640625 0.212890625 0.2597345859375 0.2001953125 0.241079615625 0.1787109375 0.232469628125 0.1611328125 0.232469628125 0.1396484375 0.241079615625 0.134765625 0.2482546046875 0.138671875 0.27121456718750003 0.1416015625 0.275519559375 0.150390625 0.2740845625 0.1513671875 0.2697795703125 0.1630859375 0.264039578125 0.1923828125 0.264039578125 0.2099609375 0.2726495640625
0 0.1455078125 0.20663967031250002 0.1298828125 0.21524965625 0.126953125 0.22242464375 0.126953125 0.2339046265625 0.1318359375 0.241079615625 0.1591796875 0.232469628125 0.20703125 0.23964461718750002 0.208984375 0.23103463125 0.1982421875 0.21237965937499997 0.1748046875 0.20376967499999998 0.1455078125 0.20663967031250002
0 0.1923828125 0.209509665625 0.1953125 0.20233467656249998 0.1884765625 0.18367970625000002 0.1728515625 0.177939715625 0.1513671875 0.177939715625 0.1201171875 0.189419696875 0.115234375 0.19946468125 0.119140625 0.2109446625 0.125 0.21381465937500002 0.1259765625 0.209509665625 0.1318359375 0.21237965937499997 0.1552734375 0.20376967499999998 0.1923828125 0.209509665625
0 0.1728515625 0.1578497484375 0.1494140625 0.1492397609375 0.1279296875 0.1492397609375 0.11328125 0.162154740625 0.11328125 0.1793747140625 0.1181640625 0.1865497015625 0.130859375 0.1851147046875 0.1494140625 0.177939715625 0.1845703125 0.1808097109375 0.185546875 0.173634721875 0.1728515625 0.1578497484375
0 0.1748046875 0.1578497484375 0.17578125 0.14493476875 0.1689453125 0.13488978437500002 0.1474609375 0.12340980312500001 0.1181640625 0.12340980312500001 0.1103515625 0.12627979843749998 0.103515625 0.139194778125 0.10546875 0.15641475 0.11328125 0.1592847453125 0.1298828125 0.1492397609375 0.1494140625 0.1492397609375 0.1650390625 0.1578497484375 0.1748046875 0.1578497484375
0 0.1337890625 0.09183985312500001 0.0986328125 0.09183985312500001 0.091796875 0.11049482343749999 0.0999750359375 0.1414486140625 0.109589609375 0.12387590781249999 0.1357421875 0.12053980625 0.1640625 0.12771479531250002 0.166015625 0.1162348140625 0.1630859375 0.10905982656249999 0.1474609375 0.103319834375 0.1337890625 0.09183985312500001
0 0.1787109375 0.0401799359375 0.1650390625 0.0401799359375 0.158203125 0.05022491875 0.158203125 0.0703148875 0.16796875 0.1047548328125 0.1708984375 0.10905982656249999 0.17578125 0.107624828125 0.1923828125 0.10618982968749999 0.1953125 0.10188483749999999 0.193359375 0.07318488281249999 0.1787109375 0.0401799359375
0 0.2333984375 0.0545299125 0.2265625 0.064574896875 0.224609375 0.08179486875 0.236328125 0.11049482343749999 0.2431640625 0.11479981718750001 0.259765625 0.11336481875 0.26171875 0.0961448453125 0.2578125 0.0789248734375 0.2451171875 0.0545299125 0.2333984375 0.0545299125
0 0.2880859375 0.0344399453125 0.2666015625 0.03156995 0.259765625 0.0559649109375 0.26171875 0.08179486875 0.26953125 0.09040485625 0.2802734375 0.12053980625 0.3046875 0.12197480624999998 0.30859375 0.11336481875 0.30859375 0.09040485625 0.30078125 0.05883490625 0.2880859375 0.0344399453125
0 0.3037109375 0.0573999078125 0.302734375 0.0703148875 0.30859375 0.0846648640625 0.310546875 0.107624828125 0.3193359375 0.11479981718750001 0.330078125 0.11336481875 0.333984375 0.11049482343749999 0.33203125 0.0789248734375 0.3173828125 0.0573999078125 0.3037109375 0.0573999078125
0 0.3466796875 0.0573999078125 0.3330078125 0.0573999078125 0.330078125 0.07318488281249999 0.33984375 0.1047548328125 0.3486328125 0.11479981718750001 0.361328125 0.11336481875 0.3671875 0.10188483749999999 0.36328125 0.0789248734375 0.3544921875 0.0631399 0.3466796875 0.0573999078125
0 0.3837890625 0.0660098953125 0.3681640625 0.0660098953125 0.36328125 0.0760548796875 0.3671875 0.0990148421875 0.3798828125 0.12053980625 0.392578125 0.12197480624999998 0.400390625 0.1162348140625 0.400390625 0.1047548328125 0.390625 0.0760548796875 0.3837890625 0.0660098953125
0 0.3994140625 0.060269903125 0.392578125 0.07318488281249999 0.396484375 0.09327485156250001 0.4072265625 0.11479981718750001 0.4169921875 0.12053980625 0.42578125 0.11910480937500001 0.43359375 0.107624828125 0.42578125 0.0789248734375 0.4130859375 0.0573999078125 0.3994140625 0.060269903125
0 0.4443359375 0.060269903125 0.4267578125 0.0631399 0.423828125 0.0760548796875 0.435546875 0.11336481875 0.4443359375 0.12053980625 0.458984375 0.11910480937500001 0.462890625 0.1162348140625 0.462890625 0.10188483749999999 0.453125 0.07318488281249999 0.4443359375 0.060269903125
0 0.3486328125 0.16071974375 0.3154296875 0.16071974375 0.3056640625 0.16932972968749999 0.2958984375 0.16932972968749999 0.2890625 0.1793747140625 0.291015625 0.1965946859375 0.2978515625 0.20376967499999998 0.3046875 0.20233467656249998 0.3291015625 0.19228969375 0.3564453125 0.19515968749999998 0.359375 0.1793747140625 0.3486328125 0.16071974375
0 0.3349609375 0.21524965625 0.3134765625 0.2267296375 0.30859375 0.2339046265625 0.30859375 0.2482546046875 0.3212890625 0.264039578125 0.3310546875 0.264039578125 0.3349609375 0.2582995875 0.37109375 0.26260458125 0.380859375 0.24538460781250002 0.37890625 0.22816463593749997 0.3740234375 0.2181196515625 0.3349609375 0.21524965625
0 0.36181510625 0.19913181093750001 0.3444049078125 0.19301956874999998 0.32569546250000003 0.1934015921875 0.298828125 0.2080746671875 0.298828125 0.22816463593749997 0.3017578125 0.232469628125 0.310546875 0.23103463125 0.3154296875 0.22385964375 0.3369140625 0.21524965625 0.3671875 0.21381465937500002 0.36181510625 0.19913181093750001
0 0.408203125 0.291304534375 0.3896484375 0.27838955468750004 0.3681640625 0.27838955468750004 0.3466796875 0.2869995421875 0.337890625 0.297044525 0.3408203125 0.3185694921875 0.359375 0.3200044890625 0.3798828125 0.3099595046875 0.4033203125 0.3099595046875 0.408203125 0.3056545125 0.408203125 0.291304534375
0 0.4111328125 0.3099595046875 0.3798828125 0.3099595046875 0.34765625 0.32574447968750003 0.34765625 0.3515744390625 0.3544921875 0.35874942656250003 0.361328125 0.3573144296875 0.3896484375 0.34439945 0.4189453125 0.34439945 0.421875 0.3400944578125 0.4111328125 0.3099595046875
0 0.427734375 0.34870444218749996 0.4189453125 0.34152945468749996 0.3896484375 0.34439945 0.3759765625 0.3530094359375 0.3662109375 0.3530094359375 0.359375 0.3630544203125 0.359375 0.3802743921875 0.3701171875 0.393189371875 0.380859375 0.39462436875 0.4072265625 0.3788393953125 0.4326171875 0.3759694 0.43359375 0.3630544203125 0.427734375 0.34870444218749996
0 0.4453125 0.40323435625000004 0.4375 0.3831443875 0.4228515625 0.3759694 0.4072265625 0.3788393953125 0.3857421875 0.39031937656250004 0.37890625 0.40323435625000004 0.380859375 0.41758433281249996 0.3857421875 0.424759321875 0.40234375 0.42619431875 0.4130859375 0.4218893265625 0.4404296875 0.424759321875 0.4453125 0.4147143375 0.4453125 0.40323435625000004
0 0.4873046875 0.499379203125 0.4736328125 0.4936392109375 0.4501953125 0.4936392109375 0.4208984375 0.5051191937499999 0.412109375 0.5151641765625 0.412109375 0.5323841484375 0.4228515625 0.548169125 0.43359375 0.5467341265625 0.4619140625 0.5309491515625 0.4912109375 0.5252091609375 0.494140625 0.5122941828124999 0.4873046875 0.499379203125
0 0.517578125 0.5553441125 0.4912109375 0.5252091609375 0.4619140625 0.5309491515625 0.4541015625 0.5395591375000001 0.4384765625 0.5424291328125 0.431640625 0.5524741171875001 0.431640625 0.5725640859375 0.4423828125 0.5854790640624999 0.4521484375 0.59121905625 0.4609375 0.5897840578125 0.4755859375 0.5826090703125 0.5068359375 0.5854790640624999 0.515625 0.5725640859375 0.517578125 0.5553441125
0 0.548828125 0.8279936765624999 0.5458984375 0.81794869375 0.5380859375 0.812208703125 0.5146484375 0.8150786984374999 0.5078125 0.8279936765624999 0.505859375 0.8538236359375 0.52734375 0.894003571875 0.53125 0.922703525 0.5478515625 0.93561850625 0.56640625 0.9341835078124999 0.580078125 0.9284435171875 0.58203125 0.9083535484375 0.560546875 0.8423436546874999 0.548828125 0.8279936765624999
0 0.630859375 0.8595636265625 0.626953125 0.84521365 0.6025390625 0.7806387531250001 0.5810546875 0.7748987625 0.5576171875 0.7777687578125 0.548828125 0.7935537328125 0.548828125 0.8165136953125 0.560546875 0.8337336687500001 0.560546875 0.8423436546874999 0.578125 0.88826358125 0.58203125 0.9083535484375 0.5908203125 0.9183985328125001 0.6015625 0.9169635359375 0.6181640625 0.9155285375 0.626953125 0.905483553125 0.630859375 0.8825235906250001 0.630859375 0.8595636265625
0 0.71484375 0.8538236359375 0.701171875 0.8165136953125 0.6845703125 0.792118734375 0.6767578125 0.78637874375 0.6630859375 0.78637874375 0.654296875 0.796423728125 0.650390625 0.8222536874999999 0.6640625 0.8423436546874999 0.671875 0.8624336218750001 0.673828125 0.88826358125 0.6767578125 0.892568575 0.697265625 0.894003571875 0.7138671875 0.892568575 0.716796875 0.88826358125 0.71875 0.8739136046875 0.71484375 0.8538236359375
0 0.6474609375 0.5711290875 0.6103515625 0.5653890968749999 0.6009863390625 0.5666080328125 0.584355728125 0.576922425 0.581237475 0.602135440625 0.587890625 0.609874025 0.5927734375 0.6170490140625 0.603515625 0.6156140171875 0.6279296875 0.6055690328125001 0.6611328125 0.6084390281250001 0.6640625 0.592654053125 0.6474609375 0.5711290875
0 0.68359375 0.635703984375 0.6728515625 0.6170490140625 0.6513671875 0.6055690328125001 0.6279296875 0.6055690328125001 0.6044921875 0.6170490140625 0.6015625 0.6242240031249999 0.6015625 0.647183965625 0.6103515625 0.65722895 0.62890625 0.6615339437500001 0.6318359375 0.65722895 0.6708984375 0.660098946875 0.681640625 0.6500539625 0.68359375 0.635703984375
0 0.5595703125 0.44197929374999995 0.5302734375 0.45345927656249996 0.5234375 0.46350425937499995 0.5244140625 0.4706792484375 0.5341796875 0.4620692609375 0.5400390625 0.46493925625 0.54296875 0.4807242328125 0.5595703125 0.49650920625 0.58984375 0.49507420937499996 0.6015625 0.4778542375 0.59765625 0.4548942734375 0.5908203125 0.44197929374999995 0.5595703125 0.44197929374999995
0 0.5341796875 0.3472694453125 0.5087890625 0.34152945468749996 0.4873046875 0.350139440625 0.47562980625 0.3572243515625 0.4717320046875 0.364100628125 0.48160644531249996 0.382819421875 0.5087890625 0.38744938125 0.533203125 0.3888843796875 0.54296875 0.377404396875 0.544921875 0.3687944109375 0.54296875 0.3573144296875 0.5341796875 0.3472694453125
0 0.5224609375 0.3185694921875 0.4970703125 0.307089509375 0.48342541250000004 0.3075623390625 0.478515625 0.345834446875 0.4814453125 0.350139440625 0.486328125 0.34870444218749996 0.5068359375 0.34152945468749996 0.5302734375 0.34439945 0.533203125 0.33435446562500004 0.5224609375 0.3185694921875
0 0.47265625 0.279824553125 0.47265625 0.2884345390625 0.4775390625 0.2898695359375 0.4833984375 0.30421951406250003 0.515625 0.314264496875 0.515625 0.2999145203125 0.5107421875 0.2927395328125 0.4873046875 0.27838955468750004 0.47265625 0.279824553125
0 0.4365234375 0.2008996796875 0.431640625 0.20520467187500002 0.4375 0.2080746671875 0.439453125 0.23677462187499998 0.4482421875 0.2496896015625 0.4658203125 0.2582995875 0.494140625 0.26260458125 0.501953125 0.25399459375 0.501953125 0.23964461718750002 0.4775390625 0.20376967499999998 0.4365234375 0.2008996796875
0 0.421875 0.1650247359375 0.4287109375 0.19228969375 0.45703125 0.1965946859375 0.458984375 0.18224470937499998 0.4501953125 0.16358973906250002 0.4248046875 0.16071974375 0.421875 0.1650247359375
0 0.4538021078125 0.196424221875 0.4423828125 0.189419696875 0.427734375 0.193724690625 0.4287109375 0.1980296828125 0.4538021078125 0.196424221875
0 0.6591796875 0.2927395328125 0.6435546875 0.2898695359375 0.6220703125 0.2984795234375 0.611328125 0.311394503125 0.611328125 0.3200044890625 0.6243159203124999 0.335456278125 0.646484375 0.3314844703125 0.6611328125 0.32430948125 0.6748046875 0.32430948125 0.677734375 0.30852450781249996 0.6591796875 0.2927395328125
0 0.6953125 0.3372244609375 0.6806640625 0.32430948125 0.6650390625 0.32430948125 0.6376953125 0.33865945937499997 0.6328125 0.3515744390625 0.63671875 0.3630544203125 0.6435546875 0.3702294078125 0.654296875 0.3687944109375 0.6787109375 0.35587943125 0.6943359375 0.35587943125 0.697265625 0.3515744390625 0.6953125 0.3372244609375
0 0.7158203125 0.3616194234375 0.6962890625 0.3530094359375 0.6572265625 0.36448941874999996 0.65234375 0.37166440624999997 0.65234375 0.386014384375 0.6591796875 0.3960593671875 0.671875 0.39749436562499996 0.6962890625 0.39031937656250004 0.7216796875 0.393189371875 0.724609375 0.377404396875 0.7158203125 0.3616194234375
0 0.7314453125 0.3960593671875 0.7080078125 0.38744938125 0.6845703125 0.3960593671875 0.6728515625 0.393189371875 0.6640625 0.408974346875 0.6640625 0.42045432812500005 0.6728515625 0.4333693078125 0.685546875 0.43480430625000005 0.7119140625 0.4218893265625 0.7373046875 0.4218893265625 0.73828125 0.4061043515625 0.7314453125 0.3960593671875
0 0.7478022640625 0.4370895375 0.7390132015625 0.42417455937500004 0.7292475765625 0.41843456718749994 0.7019038265625 0.41843456718749994 0.6784663265625 0.4299145484375 0.6755366390625 0.43421954218750003 0.6755366390625 0.4485695203125 0.6843257015625 0.4614844984375 0.6970210140625 0.4657894921875 0.7038569515625 0.4614844984375 0.7351069515625 0.46435449375 0.7458491390625 0.4514395140625 0.7478022640625 0.4370895375
0 0.8125 0.4922042140625 0.8037109375 0.4821592296875 0.7802734375 0.4821592296875 0.7412109375 0.499379203125 0.73828125 0.5036841953125 0.73828125 0.518034171875 0.744140625 0.5295141546875 0.7529296875 0.5395591375000001 0.76171875 0.538124140625 0.7919921875 0.52807915625 0.8134765625 0.52807915625 0.81640625 0.5036841953125 0.8125 0.4922042140625
0 0.828125 0.54386413125 0.8154296875 0.52807915625 0.7939453125 0.52807915625 0.7587890625 0.5452991296875 0.755859375 0.569694090625 0.7705078125 0.5854790640624999 0.783203125 0.5869140625 0.7880859375 0.5826090703125 0.8212890625 0.5826090703125 0.83203125 0.5639540984375 0.828125 0.54386413125
0 0.8701171875 0.65722895 0.8525390625 0.6486189640625 0.8310546875 0.6486189640625 0.7939453125 0.662968940625 0.7890625 0.673013925 0.7890625 0.6816239109375 0.796875 0.698843884375 0.8076171875 0.7060188734375 0.818359375 0.7045838734375 0.8681640625 0.70027888125 0.8779296875 0.694538890625 0.8828125 0.6816239109375 0.8701171875 0.65722895
0 0.92578125 0.733283828125 0.9169921875 0.7174988531250001 0.9033203125 0.7060188734375 0.8681640625 0.70027888125 0.8447265625 0.70888886875 0.837890625 0.7189338515625 0.837890625 0.730413834375 0.84375 0.7447638109375 0.8564453125 0.7576787890625 0.87109375 0.7591137875 0.8974609375 0.7548087953125 0.9169921875 0.7576787890625 0.923828125 0.7505037999999999 0.92578125 0.733283828125
1 0.3575848828125 0.7295657 0.26223573437500003 0.7414626421875 0.2741718859375 0.80405871875 0.37317609375 0.7895421625 0.3575848828125 0.7295657
1 0.2840020796875 0.8474404328125 0.38642862031249997 0.8292717359375 0.37083740781249996 0.7841939109375 0.2718332203125 0.8002385640625 0.2840020796875 0.8474404328125
1 0.3929249578125 0.8322852890625001 0.42597063593750006 0.958192 0.47841675156249996 0.947653975 0.43995846250000004 0.8246449796875 0.3929249578125 0.8322852890625001
1 0.626883565625 0.869665275 0.62870904375 0.8866616203125 0.6287656984375001 0.9018393515625001 0.624088346875 0.9117717765625001 0.6259073140625 0.9228502031250001 0.6825553703125 0.9136818546875001 0.6326989453125 0.792542028125 0.5982847140625001 0.7963123453125001 0.6214072234375 0.8499851906250001 0.626883565625 0.869665275
1 0.6825607796875001 0.786419171875 0.71881788125 0.8693337375000001 0.7184821718750001 0.88858176875 0.7258246374999999 0.9030314796875001 0.778239215625 0.89697191875 0.7238535875000001 0.78099023125 0.6825607796875001 0.786419171875
1 0.8222177453124999 0.88858176875 0.7661169828125 0.7747494500000001 0.7178107296875 0.7814837812500001 0.7701820796875001 0.8979590203125 0.8222177453124999 0.88858176875
1 0.8682105265625 0.8806851515625 0.8068290421875 0.7679653046875 0.7607821078125 0.776054840625 0.8175177218749999 0.8925300593750001 0.8682105265625 0.8806851515625
1 0.902789059375 0.8767368234375 0.839566571875 0.7636481203125001 0.8037534859375001 0.7711194484375 0.8638462375 0.8846334406249999 0.902789059375 0.8767368234375
1 0.8308130125 0.64778674375 0.84961300625 0.64679968125 0.8620344062499999 0.6537092359375001 0.84726296875 0.624590403125 0.7702553421875 0.63351586875 0.7875059249999999 0.6665412453124999 0.81772016875 0.6532156671875 0.8308130125 0.64778674375
1 0.823763028125 0.5831331296875 0.748010609375 0.5891105515625 0.7697130828125001 0.6379159624999999 0.84659155 0.6300193453125 0.823763028125 0.5831331296875
1 0.634068559375 0.538008396875 0.5524248468749999 0.545321975 0.572632921875 0.5893364703125 0.65253281875 0.573543234375 0.634068559375 0.538008396875
1 0.617618578125 0.49704469375000004 0.53605608125 0.50338361875 0.5538329531249999 0.5483727109375 0.635747128125 0.5404760921875 0.617618578125 0.49704469375000004
1 0.76740200625 0.4866803421875 0.75598770625 0.46891292343749996 0.6861162984375 0.4737800734375 0.7063020765625 0.5167862578125 0.7368520281250001 0.5108637468749999 0.76740200625 0.4866803421875
1 0.56387311875 0.3875083078125 0.48199718281250004 0.3923703234375 0.50008746875 0.4309397640625 0.5789802390625 0.42945913124999996 0.56387311875 0.3875083078125
1 0.591903784375 0.458562715625 0.58300879375 0.43784931875 0.5783087703125 0.425510859375 0.4987446078125 0.42501729062500004 0.52061068125 0.4688461484375 0.5315060093749999 0.4700727640625 0.5449277265625 0.46404369531249995 0.591903784375 0.458562715625
1 0.446367684375 0.4285879625 0.36344638281249997 0.4389522390625 0.3778820609375 0.4804095484375 0.46449623593749995 0.4730064625 0.446367684375 0.4285879625
1 0.4101105828125 0.5169314125 0.42387486875 0.5006446437500001 0.4433462546875 0.494722153125 0.463489084375 0.49126739375 0.47360294375 0.4941325109375 0.4604676546875 0.46659043906250003 0.3778820609375 0.47349999374999996 0.3879534765625 0.5189055765624999 0.4101105828125 0.5169314125
1 0.26362755312499997 0.42303436406249995 0.1813994921875 0.4281412734375 0.1904419578125 0.470907621875 0.2757132453125 0.4674528640625 0.26362755312499997 0.42303436406249995
1 0.26434272187499996 0.494400275 0.2736055375 0.4937193875 0.28377038125 0.49262335156250003 0.2743704109375 0.461530371875 0.189770515625 0.4669592953125 0.20181871093749998 0.5066559640625 0.21154466093750002 0.5025707171875 0.22868085625 0.497804634375 0.26434272187499996 0.494400275
1 0.16358485312499998 0.35492593437500003 0.17173207968749998 0.38933371562499997 0.1858289015625 0.38807770937499997 0.2499054546875 0.3843096890625 0.24046329531250002 0.3519646875 0.16358485312499998 0.35492593437500003
1 0.37042211875 0.2888412921875 0.3864536046875 0.2839084234375 0.37978455312500004 0.26411473281250003 0.32036319375 0.267569509375 0.33681317499999996 0.294714159375 0.3506623453125 0.2921298921875 0.37042211875 0.2888412921875
1 0.195441553125 0.10379593125 0.20081296875 0.125018109375 0.2424414859375 0.12748580468749998 0.223009734375 0.0710485078125 0.193427275 0.0712223578125 0.1977915390625 0.0796125265625 0.195441553125 0.10379593125
1 0.4630704859375 0.1182339640625 0.468441903125 0.130078946875 0.5026847265625001 0.130078946875 0.4794789125 0.0796828765625 0.45602050156249996 0.08319269375 0.46441334687499997 0.1019471765625 0.4630704859375 0.1182339640625
1 0.4802451109375 0.2925729171875 0.511418915625 0.28907695625 0.4986617796875 0.26390646875 0.44277348906249997 0.2668098875 0.44808820000000005 0.29791629531249997 0.4802451109375 0.2925729171875
1 0.514650771875 0.5884938109375 0.4164872609375 0.6015986671875 0.43730150625 0.6534202828125 0.5329799671875 0.6400947218749999 0.514650771875 0.5884938109375
1 0.4527443625 0.6998129468750001 0.5532642703125 0.6865555546875 0.53163708125 0.63417225 0.43461581093749996 0.6455236453125 0.4527443625 0.6998129468750001