0 0.2373046875 0.1177402 0.2294921875 0.10933018750000001 0.2177734375 0.10092017187499999 0.1982421875 0.10092017187499999 0.185546875 0.13245772656250002 0.189453125 0.28383798437499996 0.2001953125 0.31117053125 0.2080078125 0.3195805453125 0.2275390625 0.332195565625 0.248046875 0.3300930625 0.255859375 0.30065801406250003 0.251953125 0.199737840625 0.24609375 0.14086774062500002 0.2373046875 0.1177402
0 0.8671875 0.5277284 0.8583984375 0.50880586875 0.8330078125 0.48357582343749994 0.8232421875 0.48778083125 0.810546875 0.515113378125 0.80078125 0.5865985015625 0.80859375 0.6034185296875 0.8125 0.6370585875 0.8203125 0.6622886296875 0.8203125 0.691723678125 0.8349609375 0.719056225 0.8544921875 0.7358762546875 0.865234375 0.7337737515625 0.8759765625 0.7232612328125 0.8828125 0.7043387015625 0.876953125 0.5697784718750001 0.8671875 0.5277284
0 0.94140625 0.70013369375 0.94140625 0.6664936359375 0.935546875 0.61603355 0.9189453125 0.5676759671875 0.8935546875 0.5508559390625 0.880859375 0.5655734640625 0.88671875 0.737978759375 0.9072265625 0.7695163109375 0.9296875 0.775823821875 0.9384765625 0.77372131875 0.9453125 0.7547987875 0.9453125 0.7169537234375001 0.94140625 0.70013369375
0 0.1728515625 0.7779263265624999 0.1240234375 0.7442862703124999 0.0830078125 0.7400812625000001 0.0625 0.7505937796875 0.05859375 0.830488915625 0.060546875 0.8473089453125 0.0673828125 0.8620264703125 0.0830078125 0.874641490625 0.0908203125 0.8578214624999999 0.1474609375 0.8620264703125 0.1806640625 0.88305150625 0.2119140625 0.929306584375 0.224609375 0.9314090875 0.228515625 0.885154009375 0.22265625 0.8599239656250001 0.2080078125 0.8283864124999999 0.1728515625 0.7779263265624999
0 0.1845703125 0.8914615203125 0.1513671875 0.8662314765625 0.0927734375 0.8620264703125 0.08203125 0.89776903125 0.080078125 0.9650491453125 0.0859375 0.977664165625 0.0869140625 0.9965866999999999 0.244140625 0.9986892031249999 0.2421875 0.977664165625 0.2294921875 0.950331621875 0.2041015625 0.925101578125 0.1845703125 0.8914615203125
0 0.5693359375 0.91248655625 0.4912109375 0.91248655625 0.474609375 0.944024109375 0.474609375 0.977664165625 0.4794921875 1 0.638671875 0.9986892031249999 0.640625 0.9818691734374999 0.6337890625 0.958741634375 0.6005859375 0.929306584375 0.5693359375 0.91248655625
1 0.36467463906250003 0.4621814203125 0.3360078078125 0.24868171718749998 0.24675175624999998 0.18830171874999999 0.2646965421875 0.414694225 0.36467463906250003 0.4621814203125
1 0.4415808671875 0.5118774171875 0.41356779687499995 0.28456254375 0.3246834234375 0.23799763125 0.34467905 0.4544509375 0.4415808671875 0.5118774171875
1 0.523614215625 0.56046890625 0.49387712500000003 0.35064172656250003 0.4010769515625 0.2887979 0.43183944218750003 0.5118774171875 0.523614215625 0.56046890625
1 0.604622125 0.6156865453125 0.5763796734375 0.40186523906250005 0.48105942031250004 0.3440155796875 0.50823293125 0.5560515609375 0.604622125 0.6156865453125
1 0.6781492328125001 0.6749394296875 0.6477537843750001 0.4520445265625 0.5571880703125001 0.39173764375000003 0.58961969375 0.6182991015625 0.6781492328125001 0.6749394296875
1 0.75309259375 0.725915771875 0.7167919984375 0.4968714875 0.6347610140625 0.45026599218749996 0.65667426875 0.6683314171875 0.75309259375 0.725915771875
1 0.8328568296875 0.778780096875 0.789906834375 0.547498646875 0.7044451390625001 0.49841032343749997 0.743450775 0.723083796875 0.8328568296875 0.778780096875
1 0.580381671875 0.78167018125 0.402823509375 0.6931601171875 0.4157591515625 0.83769895 0.5903904640625 0.9247705046875 0.580381671875 0.78167018125
1 0.047708125000000004 0.675039228125 0.2335713625 0.7885170265625 0.22306118281249998 0.6265640828125 0.04519594375 0.5464581453124999 0.047708125000000004 0.675039228125
1 0.04568659375 0.5705844156250001 0.2271035109375 0.668358321875 0.211742471875 0.525560959375 0.037919625 0.4350065296875 0.04568659375 0.5705844156250001
1 0.0345681703125 0.46177731875 0.2246781140625 0.567355265625 0.20284922343749998 0.41933362343749997 0.0298348421875 0.3270377890625 0.0345681703125 0.46177731875
1 0.1939559109375 0.33052066562500004 0.025471278125000003 0.2332824171875 0.0282178484375 0.35315925625 0.2044661546875 0.461127996875 0.1939559109375 0.33052066562500004