0 0.797726975 0.1929090171875 0.8009212968750001 0.1529194109375 0.7960096640625001 0.1267775953125 0.78489775625 0.11480035156249999 0.767746653125 0.11194937499999999 0.7464620296875 0.1185414421875 0.7307333640625 0.131122134375 0.6954373859375 0.216426309375 0.673382865625 0.28704799687500004 0.6694459296875 0.3302908765625 0.6736777390625 0.3377477484375 0.7081410265625 0.33841140468750003 0.7584940609374999 0.321456071875 0.7681480328125 0.27916351875 0.7910434562499999 0.222188475 0.797726975 0.1929090171875
0 0.4512048453125 0.38518463281250004 0.46141306093749995 0.4054534515625 0.47475280781249996 0.4076708765625 0.5334711703125 0.3887293734375 0.5402529781250001 0.37634982968749997 0.555525690625 0.3181076859375 0.5759694078125001 0.2978689734375 0.5826529234375 0.2685895140625 0.582778503125 0.22471308437499998 0.5728924484375 0.1943676734375 0.5545782796875 0.1879466484375 0.53594195 0.19160221718749998 0.5130110218749999 0.20973912968750003 0.494249115625 0.257271128125 0.473161075 0.29766303125000004 0.47283891562499997 0.307739625 0.46076052343749996 0.3259921640625 0.411158315625 0.43930870000000005 0.413645528125 0.44141050000000004 0.423657159375 0.427879484375 0.43224635625 0.39891679999999996 0.45126763593749997 0.3632464203125 0.4512048453125 0.38518463281250004
0 0.219916246875 0.8481804937499999 0.259157371875 0.8192479140625 0.26593918125 0.806868371875 0.27368747187500003 0.76425904375 0.272265034375 0.748827378125 0.2638014171875 0.7339136328125 0.25004121874999996 0.7248728843750001 0.235958859375 0.72590873125 0.208438459375 0.7078272328125 0.17148796093750002 0.7050617796875 0.14183801406250002 0.7136400203125 0.09365002812499999 0.7427737453125001 0.07685658749999999 0.7686843062500001 0.06943045625000001 0.8012170390625 0.0684639734375 0.8314468234374999 0.072534703125 0.84394199375 0.0877801296875 0.84647619375 0.08994517656249999 0.858654590625 0.1038664578125 0.862657040625 0.11520223593750001 0.8476577734375 0.199275946875 0.8346193718749999 0.20657649843749998 0.8459630671875 0.219916246875 0.8481804937499999
0 0.8058385015624999 0.6382954765625 0.8199208609375 0.63725963125 0.83316231875 0.622577140625 0.8453390000000001 0.62122451875 0.8572563093750001 0.6080102765625 0.8707216359375 0.5663512749999999 0.8735937968749999 0.5364382640625001 0.8576685484375 0.515219121875 0.827177696875 0.5101507187500001 0.7939402624999999 0.49111889687500004 0.7524357953125 0.4909731625 0.71251484375 0.5012208015625 0.6881969812500001 0.5427641765625 0.6695333640625 0.60719609375 0.671376253125 0.62945108125 0.6770932875 0.6304014078125 0.684232759375 0.6467834015625 0.6969909734375 0.647215803125 0.709069365625 0.6289632625 0.7909152359375 0.62568468125 0.7985379499999999 0.6269517828125 0.8058385015624999 0.6382954765625
0 0.864657796875 0.2766341125 0.8317152359375 0.3083020421875 0.8085249375 0.314577334375 0.778552828125 0.33323217031249996 0.769283809375 0.34350991249999996 0.7568832578125 0.371839046875 0.754914790625 0.39346048749999996 0.798647096875 0.38384640000000003 0.835597596875 0.38661185625 0.866929353125 0.4053269015625 0.9027167859375 0.404522309375 0.9186420343749999 0.42574145156250004 0.928751959375 0.4291103515625 0.9353726874999999 0.4217691046875 0.94173404375 0.40256624218750003 0.9515632296875 0.40756102656250004 0.9756583031250001 0.39010028124999996 0.980065534375 0.368736209375 0.9849751546875 0.275055075 0.9847783124999999 0.27465273749999997 0.9840984875000001 0.2559677953125 0.9034156812499999 0.26281642656250004 0.864657796875 0.2766341125
0 0.8744974921875001 0.52814669375 0.90579374375 0.508023609375 0.9233925875000001 0.4569215625 0.9227127625 0.4382366203125 0.9100173375 0.415866003125 0.8623753828125 0.40794662343750004 0.846289053125 0.391765778125 0.8062698109375 0.3851135 0.7419954953125 0.3980663828125 0.7164162765625 0.41913979375 0.7115401453125 0.4318361109375 0.6982986906249999 0.4465186 0.68748165625 0.485241103125 0.6847077859375 0.5320540312500001 0.6949787890625 0.530384634375 0.710609165625 0.5009040265625 0.771072125 0.48731759375 0.84888276875 0.510381971875 0.8744974921875001 0.52814669375
0 0.23034052295552243 0.8936478132956835 0.005178822930778537 0.00942954400063627
1 0.645498765625 0.4195985828125 0.7053086468750001 0.21631170000000002 0.5914131765625 0.25052840781249996 0.5096318953125001 0.4385149015625 0.645498765625 0.4195985828125
1 0.42391118906249997 0.45431807187500006 0.4995515609375 0.2550936921875 0.36817089687500004 0.2831632734375 0.2842267234375 0.48261717343750005 0.42391118906249997 0.45431807187500006
1 0.309840390625 0.47685748749999995 0.390324278125 0.278438121875 0.26666821875 0.3056334234375 0.1820460625 0.497115409375 0.309840390625 0.47685748749999995
1 0.1993133015625 0.498554646875 0.286610875 0.30699229687499996 0.1641562953125 0.3279358109375 0.07187466249999999 0.5245961453125 0.1993133015625 0.498554646875
1 0 0.533916834375 0.0941223828125 0.5225700296875 0.18765933125 0.3220272984375 0.064620046875 0.3417913265625 0 0.481552671875 0 0.533916834375
1 0.8371385468750001 0.728974915625 0.6016496984375 0.758521496875 0.551295765625 0.8946890218749999 0.7914285640625 0.8703393187499999 0.8371385468750001 0.728974915625
1 0.5876791890625 0.7977001765625 0.832814253125 0.7626017234375 0.861456684375 0.6369825546875 0.6254317578124999 0.6580068640625 0.5876791890625 0.7977001765625
1 0.5130080171875 0.9934207921875 0.6660534 0.9916399468750001 0.7533607453125 0.98203933125 0.7982781921875 0.8441560499999999 0.5567829578125 0.8669798625 0.5130080171875 0.9934207921875