0 0.2296749890625 0.7197460734375001 0.23401860624999998 0.6993928796875 0.20840330156250003 0.6842282328125 0.111082040625 0.6618813171875 0.05320328125 0.6523043359375 0.0284578 0.6548080703125 0.018030917187500002 0.66017769375 0.006395278124999999 0.669320465625 0.0003515078125 0.6881862046875 0.026458215624999996 0.7086114546875 0.1718357296875 0.7440184000000001 0.2011902734375 0.740716428125 0.21161715625 0.7353468046875 0.2296749890625 0.7197460734375001
0 0.7274714296875 0.23260527187500002 0.7555042421875 0.2402236234375 0.7860675390625 0.23314850312500002 0.8081300625000001 0.2186361078125 0.8094517921875 0.207715784375 0.802764146875 0.1946187875 0.7868583734375 0.1831182671875 0.6568952343750001 0.1539512390625 0.6138264703125 0.1525007484375 0.5930856796875 0.1560928203125 0.5612006484375 0.1740882640625 0.5621834515625 0.18460946875 0.584285471875 0.20394638281250002 0.6493432796875 0.2318809640625 0.6677795375 0.2286880125 0.7010257953125001 0.23362155156250003 0.7274714296875 0.23260527187500002
0 0.8694431125 0.15634220468749999 0.8701604671875 0.1473084546875 0.85425469375 0.135807934375 0.8182125046875001 0.1260129109375 0.800984996875 0.1254327140625 0.7689474953125 0.1167260265625 0.7190781109375 0.10932571718749999 0.667886996875 0.11284573281250002 0.64401134375 0.1330178484375 0.6540993 0.14908975468750002 0.8201046296875001 0.1880518078125 0.8564857453125001 0.17640530000000001 0.8694431125 0.15634220468749999
0 0.701196640625 1 0.70155580625 0.9997478765625001 0.6879545625000001 0.9878482375000001 0.7094861875 0.93422593125 0.7397840375 0.9075958546875 0.7935056359375 0.8893823671875 0.7994364296875001 0.8776638046875 0.75659361875 0.8619189625000001 0.7307523609375 0.86104866875 0.696184375 0.867035453125 0.6372493343750001 0.8879337515625 0.5901024046875001 0.9263914109375 0.5734057984375001 0.9649211265625001 0.5770715578125001 0.9874509921874999 0.6155016125 1 0.701196640625 1
0 0.82811809375 1 0.8695552062499999 0.8762114421874999 0.8489273875000001 0.8726563359374999 0.81896846875 0.8778448828125001 0.787083440625 0.8958403265625 0.749002165625 0.905999378125 0.714699628125 0.93154111875 0.6925636296875 0.9870499984375 0.71283005 1 0.82811809375 1
0 0.8639128093749999 0.615248959375 0.8888107625 0.63944735625 0.9208482625000001 0.64815404375 0.9436309968750001 0.6492185484374999 0.9704948234374999 0.5629923125 0.97437621875 0.48893086406249997 0.9520839015625 0.4895007609375 0.9137766765625001 0.513954165625 0.8880878921875001 0.5397860031249999 0.8639128093749999 0.615248959375
1 0.39590391875000003 0.6209260921875 0.1837042859375 0.5933583359375 0.09858119843749999 0.6639455671875 0.319741603125 0.705206928125 0.39590391875000003 0.6209260921875
1 0.467030428125 0.5595026515625 0.24187605625000003 0.5277277812500001 0.170024940625 0.60153160625 0.38235424687499997 0.6382395515625 0.467030428125 0.5595026515625
1 0.5386915890624999 0.49284092343749997 0.32965834374999997 0.46725747812499996 0.2420444671875 0.5408892015625 0.46401603125 0.5689121453125 0.5386915890624999 0.49284092343749997
1 0.6163459265625 0.42888466875000003 0.40397133125 0.40082375625 0.31938153125 0.47792345625 0.5297250765625 0.5065548109375 0.6163459265625 0.42888466875000003
1 0.6955284125000001 0.3731987109375 0.47384624375 0.34486901406250003 0.388387528125 0.41674020624999997 0.6141916562499999 0.444052084375 0.6955284125000001 0.3731987109375
1 0.7672668812500001 0.31400263125 0.537900984375 0.28978529062499997 0.4681319390625 0.3569587484375 0.6825899578125 0.3922316546875 0.7672668812500001 0.31400263125
1 0.8422951703124999 0.250638590625 0.608741084375 0.23226505625 0.5355458859375 0.302109721875 0.7615862421874999 0.32258294374999996 0.8422951703124999 0.250638590625
1 0.7669213921875 0.49525887500000004 0.627684009375 0.6438587984375 0.7693400765625 0.6687733312499999 0.9063017906249999 0.5226282125 0.7669213921875 0.49525887500000004
1 0.5005390828125 0.9821838890624999 0.6661247125 0.832024003125 0.5086346500000001 0.8002595515625 0.3773060125 0.9513312359375 0.5005390828125 0.9821838890624999
1 0.4004347765625 0.9571016437500001 0.5496887453125 0.80717210625 0.40894067031250003 0.7850510546875 0.268912171875 0.9295138203125 0.4004347765625 0.9571016437500001
1 0.29337056875 0.9396798671875001 0.4527467859375 0.7833733453125 0.30502188750000003 0.7661476140625 0.163585115625 0.9093787546875 0.29337056875 0.9396798671875001
1 0.21768787343749998 0.751751409375 0.07294582499999999 0.8893279578125 0.187961834375 0.9177013828125 0.34532559375 0.775402959375 0.21768787343749998 0.751751409375