0 0.349609375 0.19175329218749998 0.341796875 0.171744253125 0.3330078125 0.156737475 0.3056640625 0.1333935953125 0.2958984375 0.1333935953125 0.2666015625 0.1033800359375 0.2431640625 0.0900406765625 0.1962890625 0.07670131718749999 0.1240234375 0.08003615625 0.1162109375 0.0867058359375 0.10546875 0.11171713593749999 0.1015625 0.148400375 0.111328125 0.19508813281249998 0.1201171875 0.2100949125 0.1396484375 0.22009943125000003 0.1572265625 0.24677815 0.1865234375 0.23677363125 0.2880859375 0.266787190625 0.3037109375 0.2867962296875 0.314453125 0.285128809375 0.3291015625 0.27345686874999997 0.3447265625 0.2701220296875 0.35546875 0.231771371875 0.349609375 0.19175329218749998
0 0.7724609375 0.1700768328125 0.8271484375 0.19342071249999998 0.83203125 0.1650745734375 0.828125 0.10504745625 0.822265625 0.0817035765625 0.8134765625 0.0700316375 0.7470703125 0.043352918750000004 0.7001953125 0.0400180796875 0.6396484375 0.050022598437499996 0.615234375 0.0817035765625 0.615234375 0.118386815625 0.623046875 0.151735215625 0.6396484375 0.1734116734375 0.6455078125 0.1900858734375 0.658203125 0.19508813281249998 0.6767578125 0.1767465140625 0.7119140625 0.1767465140625 0.7236328125 0.1700768328125 0.7724609375 0.1700768328125
0 0.7919921875 0.1767465140625 0.7373046875 0.1700768328125 0.7060546875 0.180081353125 0.6787109375 0.180081353125 0.6591796875 0.1967555515625 0.6484375 0.231771371875 0.650390625 0.26178493125 0.6669921875 0.29013106875 0.6884765625 0.30013558906250004 0.7158203125 0.30013558906250004 0.7490234375 0.29013106875 0.7939453125 0.29013106875 0.86328125 0.3118075296875 0.8671875 0.25511525156250003 0.857421875 0.225101690625 0.8486328125 0.21342975156250002 0.7919921875 0.1767465140625
0 0.8447265625 0.30680526874999997 0.7607421875 0.29013106875 0.7236328125 0.30347042812499997 0.6884765625 0.30013558906250004 0.6787109375 0.30680526874999997 0.6640625 0.3318165671875 0.662109375 0.371834646875 0.66796875 0.40518304531249993 0.6962890625 0.4368640234375 0.7099609375 0.4268595046875 0.7607421875 0.4235246640625 0.7666015625 0.416854984375 0.8212890625 0.416854984375 0.8603515625 0.4335291828125 0.8828125 0.43519660312499997 0.88671875 0.39184368593749996 0.876953125 0.3351514078125 0.8681640625 0.320144628125 0.8447265625 0.30680526874999997
0 0.8603515625 0.5502485796875 0.9072265625 0.57025761875 0.9140625 0.52523728125 0.912109375 0.5052282406249999 0.8984375 0.45854048281250004 0.8857421875 0.44019886250000007 0.8017578125 0.416854984375 0.7666015625 0.420189825 0.7509765625 0.43019434375000004 0.7080078125 0.43019434375000004 0.6875 0.4652101625 0.6875 0.5185676 0.7001953125 0.5469137390625 0.7197265625 0.5602530984375 0.7275390625 0.5802621390625 0.7421875 0.5852643984375 0.7607421875 0.5635879390625 0.7900390625 0.5602530984375 0.8037109375 0.5502485796875 0.8603515625 0.5502485796875
0 0.916015625 0.591934078125 0.9013671875 0.566922778125 0.8642578125 0.5535834203125 0.8251953125 0.5502485796875 0.7626953125 0.566922778125 0.7431640625 0.58693181875 0.73828125 0.59860375625 0.734375 0.645291515625 0.744140625 0.6786399140625 0.7646484375 0.69364669375 0.7783203125 0.713655734375 0.7861328125 0.713655734375 0.7998046875 0.696981534375 0.8115234375 0.7036512125 0.8857421875 0.713655734375 0.8916015625 0.7336647734375 0.908203125 0.7319973515625 0.9296875 0.698648953125 0.9296875 0.645291515625 0.919921875 0.6252824765625 0.916015625 0.591934078125
0 0.986328125 0.872060628125 0.9765625 0.8453819093750001 0.9677734375 0.83370996875 0.9287109375 0.8203706093750001 0.8544921875 0.8170357703125 0.8251953125 0.8303751296874999 0.7783203125 0.8370448078124999 0.7666015625 0.85038416875 0.7548828125 0.8770628874999999 0.751953125 0.872060628125 0.748046875 0.918748384375 0.759765625 0.9621013046875 0.7783203125 0.9837777640625 0.7919921875 0.9837777640625 0.7998046875 0.9971171218749999 0.8369140625 0.9971171218749999 0.8427734375 0.9904474437499999 0.8740234375 0.987112603125 0.9765625 0.9987845421875001 0.98828125 0.9887800234374999 0.998046875 0.9454271046875 0.998046875 0.925418065625 0.986328125 0.872060628125
0 0.4296875 0.9354225843749999 0.4296875 0.9020741875 0.419921875 0.8620561078125 0.3974609375 0.8270402890625 0.3564453125 0.80703125 0.3388671875 0.7836873703125 0.2822265625 0.7670131718750001 0.2412109375 0.7670131718750001 0.1884765625 0.7803525312499999 0.169921875 0.81536835 0.16796875 0.8687257890625 0.177734375 0.9087438656250001 0.1923828125 0.9270854859375 0.2099609375 0.9337551656249999 0.2197265625 0.960433884375 0.2333984375 0.9637687234375001 0.2568359375 0.9404248453124999 0.2763671875 0.950429365625 0.3466796875 0.960433884375 0.3642578125 0.970438403125 0.3740234375 0.987112603125 0.390625 0.9854451828125 0.4033203125 0.970438403125 0.4150390625 0.97377324375 0.4228515625 0.9671035640625 0.4296875 0.9354225843749999
1 0.3410017984375 0.300066715625 0.0920642609375 0.2399277453125 0.102991196875 0.39173744374999997 0.36038054062499997 0.45539767343750004 0.3410017984375 0.300066715625
1 0.11690413125000002 0.5334560953125 0.3821723265625 0.5910156468750001 0.3578960875 0.42650685624999995 0.10100362656249999 0.372183446875 0.11690413125000002 0.5334560953125
1 0.129326396875 0.6768721984375 0.400187603125 0.7278444656249999 0.3792624 0.569074234375 0.11441967812500001 0.507111615625 0.129326396875 0.6768721984375
1 0.9269010359375001 0.759569359375 0.6685530953125001 0.701327253125 0.6943562437499999 0.87840175625 0.9537331765625 0.8817969828125 0.9269010359375001 0.759569359375