0 0.2635997484375 0.21574964375 0.259862234375 0.258665509375 0.3034576265625 0.2834246640625 0.337096753125 0.2883764953125 0.343512390625 0.2817740546875 0.3530905421875 0.2388581859375 0.35357493125 0.16623133437499998 0.34576243125 0.0770983828125 0.334401475 0.062242889062499994 0.3157951921875 0.0523392296875 0.2982732828125 0.052339228125000005 0.2837826296875 0.062242889062499994 0.27091853593750004 0.08700204375000001 0.26162788593749997 0.126616690625 0.2590403765625 0.1563276734375 0.2635997484375 0.21574964375
0 0.45780323593750005 0.28837649375 0.45457509375000005 0.3477984625 0.45731884687499996 0.361003346875 0.508414253125 0.38906371875 0.522042403125 0.38906371875 0.5382252515625 0.37090700625 0.5449612046875 0.349449075 0.552362775 0.38741311093749997 0.55172214375 0.41712409375000004 0.5572424640625 0.43197958593749997 0.5603065328125 0.430328975 0.5472940296875 0.3114850375 0.5412315203125 0.2916777140625 0.544040903125 0.28177405312500003 0.5360971453125 0.2388581859375 0.532622146875 0.189339878125 0.51599555625 0.1678819453125 0.4990486515625 0.16127950468750002 0.4792923625 0.164580725 0.4603001328125 0.1926410984375 0.44682822343749995 0.235556965625 0.44424071249999997 0.2652679515625 0.45780323593750005 0.28837649375
0 0.6119862640625 0.7422943125 0.5991549859374999 0.7554991953125 0.5929940328125001 0.7703546859375 0.587309640625 0.813270553125 0.5900533921875 0.826475434375 0.6191581296875001 0.86113825 0.6327862828125 0.86113825 0.6433831796875 0.8512345874999999 0.7209052 0.8776443515624999 0.727255209375 0.8941504546875001 0.74200055 0.8924998453124999 0.7478740015625001 0.8809455703125 0.76344903125 0.880945571875 0.771269359375 0.8693913015625 0.7796975078124999 0.839680315625 0.78257251875 0.8066681125 0.7743084453125 0.7786077359375 0.7365865031250001 0.7422943125 0.71048020625 0.72908943125 0.6737770109375 0.7257882078125 0.6414769453125 0.738993090625 0.6281362953125 0.7356918718750001 0.6119862640625 0.7422943125
0 0.07527120468750001 0.5227631484375 0.0827384046875 0.5376186406250001 0.0941321765625 0.5409198609375 0.1024290640625 0.5574259640625 0.1157697140625 0.560727184375 0.12636661093749998 0.5508235234375001 0.1341541265625 0.550823525 0.21253865 0.567329625 0.2186011578125 0.5871369468750001 0.23111211874999998 0.5887875578124999 0.2431137078125 0.5739320671875 0.2489543421875 0.5739320671875 0.25763717656249996 0.5524741343749999 0.25949344218750003 0.48644972343750004 0.2487731171875 0.44188324687499997 0.21321992656250002 0.42537714531250004 0.172910475 0.4187747046875 0.134769775 0.43197958593749997 0.10361971406249999 0.43197958593749997 0.08159623125 0.45013629843749997 0.07511496250000001 0.4798472828125 0.07527120468750001 0.5227631484375
0 0.137438575 0.17778560937500001 0.06128843125 0.157978284375 0.054839978125 0.1761349984375 0.046189959375 0.1860386578125 0.03495243125 0.2256533046875 0.027919678125000003 0.2904835125 0.045885118749999995 0.311469584375 0.056968084375000005 0.3081838171875 0.05718995624999999 0.3279911390625 0.0613384 0.3362441921875 0.0721899828125 0.3345935828125 0.0942134671875 0.3164368703125 0.12868228125 0.3230393109375 0.164876103125 0.3098344296875 0.2015792984375 0.31313564843749997 0.24102624687500002 0.3296417515625 0.2458153234375 0.3081838171875 0.24256219687499997 0.2784728328125 0.236754375 0.2669185609375 0.213457459375 0.2438100171875 0.192904296875 0.23390635624999997 0.1707573859375 0.19759293125 0.137438575 0.17778560937500001
0 0.0591618171875 0.41712409375000004 0.08328842187499999 0.44188324687499997 0.11364160937500001 0.4286783640625 0.1962730203125 0.418774703125 0.2507199953125 0.44188324687499997 0.2567496890625 0.47324484218749996 0.2661965828125 0.4765460609375 0.2780091140625 0.430328975 0.279512246875 0.39071432968750003 0.271215359375 0.374208228125 0.2704184859375 0.3610033453125 0.25213251875 0.3362441921875 0.193791784375 0.313135646875 0.1529073296875 0.313135646875 0.1322885375 0.3263405296875 0.08361656875 0.326340528125 0.06436965312500001 0.346147853125 0.0579212015625 0.3643045640625 0.0591618171875 0.41712409375000004
0 0.5946328104526519 0.9038410572154045 0.003452382213985139 0.009538774310259512
1 0.4650213109375 0.41354992343749997 0.4439253984375 0.216476028125 0.3440341359375 0.1645151046875 0.33907481562499997 0.3729767234375 0.4650213109375 0.41354992343749997
1 0.670027596875 0.49329690312499996 0.650386234375 0.284660490625 0.5316277484375 0.23586772812499998 0.5432845375 0.4429302984375 0.670027596875 0.49329690312499996
1 0.764663240625 0.5240764328124999 0.741894309375 0.3231235234375 0.63035874375 0.27644082187499996 0.64696373125 0.48350349843749996 0.764663240625 0.5240764328124999
1 0.8630286406250001 0.568846784375 0.8344334484375 0.3615865546875 0.7221265421874999 0.321211121875 0.74746605 0.5226773828125 0.8630286406250001 0.568846784375
1 0.9537844015625 0.5968282125 0.9267028234374999 0.39130798906250003 0.81346325625 0.3519906515625 0.8420734171875001 0.563250478125 0.9537844015625 0.5968282125
1 0.0578575734375 0.7899248562500001 0.2832711328125 0.85275428125 0.27660902656249997 0.711448084375 0.0573107453125 0.6442926609375 0.0578575734375 0.7899248562500001
1 0.2846788890625 0.6093158765625 0.0622201890625 0.550405071875 0.051087615625000006 0.6778704 0.2780238078125 0.7520211781249999 0.2846788890625 0.6093158765625
1 0.0601811703125 0.9053139515625 0.29023334375 0.9716753578124999 0.2865327125 0.8247729046875 0.059324678124999995 0.7632138453125 0.0601811703125 0.9053139515625