0 0.082252328125 0.26099380625 0.05393161875 0.2796395359375 0.057881446875 0.298790259375 0.0684881734375 0.3086279578125 0.0783049296875 0.3146355125 0.1027336265625 0.3187083171875 0.16157635625 0.3128843859375 0.261208240625 0.29688170468749997 0.2884571984375 0.28343684062499996 0.2863690828125 0.262915396875 0.270064015625 0.246243775 0.260247259375 0.2402362203125 0.23130516562499998 0.23507471249999998 0.082252328125 0.26099380625
0 0.703251425 0.7765679296875 0.669514153125 0.779348728125 0.6514605703125 0.774993909375 0.5834224609375 0.7986175234374999 0.5592201640625001 0.816436884375 0.557076665625 0.8268386140624999 0.5869219250000001 0.8467763484375 0.60723220625 0.8516755203124999 0.6503912515625 0.8529872062500001 0.78336541875 0.8322886546875001 0.8005158375000001 0.821867246875 0.808639465625 0.8092684296874999 0.8085262656250001 0.798322346875 0.78810278125 0.7824770937500001 0.758370725 0.773485440625 0.7295418359375 0.7792700140625 0.703251425 0.7765679296875
0 0.6568241765625 0.894574446875 0.7075432828125 0.901349334375 0.7581491890625001 0.8971781375000001 0.7910964953125 0.890567196875 0.8083601140625 0.89109186875 0.84542583125 0.8836545609374999 0.8625762484375 0.8732331515625 0.86285803125 0.8642021421875 0.8521381078125 0.8434183609374999 0.8171026921875001 0.8295078578125 0.6470628031250001 0.85764371875 0.6352157468749999 0.8729839765625 0.6568241765625 0.894574446875
0 0.7376057921875 0 0.6627751328125 0.018868184375 0.6566264203125 0.041042364062499996 0.669039475 0.08043251875 0.7118613515625001 0.12169838749999999 0.768392003125 0.146253278125 0.8022424718750001 0.154418565625 0.8281379015624999 0.155205575 0.8726504796875 0.1422853859375 0.8680238843750001 0.1302505984375 0.8164016125 0.10869948437500002 0.7890948375 0.080275090625 0.77352191875 0.0255643578125 0.7884156390625 0.014598598437499999 0.7729005375 0.001757121875 0.7656161140625 0 0.7376057921875 0
0 0.8502291937500001 0 0.8108694203125 0.0090960390625 0.7780353156250001 0.0266530625 0.794003215625 0.08327886875 0.82542840625 0.11087689375000001 0.8623255390625 0.1234166765625 0.8921707968750001 0.1433544109375 0.92150786875 0.1504309921875 0.9424949187499999 0.1482142265625 0.9098585796875 0 0.8502291937500001 0
0 1 0.4223542375 0.991374165625 0.37872285781250004 0.9685108375 0.3783246125 0.9355635343750001 0.3849355546875 0.908032790625 0.407411428125 0.923832109375 0.48401432499999997 0.9466254875000001 0.5113500140625 0.9821690890625 0.5381216703125 1 0.53972251875 1 0.4223542375
1 0.3746832453125 0.283136309375 0.14932386250000002 0.3100317796875 0.2265108140625 0.385682990625 0.4414112296875 0.3718343609375 0.3746832453125 0.283136309375
1 0.4297962078125 0.3537475390625 0.2137566015625 0.37667887499999997 0.2773377984375 0.45468058750000007 0.5056366765625 0.437475978125 0.4297962078125 0.3537475390625
1 0.50366665625 0.42792434375 0.2789598953125 0.44160076875 0.3582972640625 0.5204393796875 0.569817225 0.5083618828125 0.50366665625 0.42792434375
1 0.5623802687499999 0.494148365625 0.34921542968749997 0.5091735703125 0.4251505203125 0.591268096875 0.6402800937500001 0.5769401546874999 0.5623802687499999 0.494148365625
1 0.6398048890625 0.5617165953125001 0.41135034218750005 0.5744406765625001 0.4887305390625 0.651390403125 0.7131822578125 0.6373903671875001 0.6398048890625 0.5617165953125001
1 0.7023674171875001 0.617632403125 0.484361084375 0.6390002859374999 0.546596059375 0.710274159375 0.77826473125 0.7008557453125001 0.7023674171875001 0.617632403125
1 0.7735411984375 0.6919583171875 0.545606284375 0.6978654421875 0.6109667562500001 0.7720152609375 0.8461712390624999 0.7686770484375 0.7735411984375 0.6919583171875
1 0.9401209749999999 0.5022446078125 0.8195265828125 0.3481269171875 0.6753482578125001 0.3638480609375 0.7979434390625 0.5205528828125 0.9401209749999999 0.5022446078125
1 0.45934385781250003 0.042017984375 0.573770078125 0.20067547812500003 0.7345133984375 0.1791539046875 0.5857851015625 0.0192124734375 0.45934385781250003 0.042017984375
1 0.348715875 0.0567858921875 0.4725579234375 0.209426415625 0.61552113125 0.1964256484375 0.48307251874999996 0.03775778125 0.348715875 0.0567858921875
1 0.24133554687499997 0.070076634375 0.36671964375 0.221582221875 0.516107546875 0.21389661875 0.3742576015625 0.048238740625 0.24133554687499997 0.070076634375
1 0.4079803359375 0.2149542234375 0.26659208749999996 0.06335775625 0.1486284390625 0.0842228859375 0.2779371109375 0.23031569375 0.4079803359375 0.2149542234375