0 0.720952703125 0.7170575578125 0.7106662203125 0.7035898734375 0.6737741546875 0.6959109156250001 0.6441901359375 0.7029801296875 0.6308494765625 0.7209560625 0.632000296875 0.744000815625 0.64609106875 0.760540875 0.6541003515625 0.7552143796874999 0.6755749093750001 0.7563394703124999 0.69109259375 0.7600255265625 0.6957227328125 0.7674507515625 0.702505459375 0.769242640625 0.7107150953125 0.758180528125 0.7146195609375 0.7583850890625 0.7240557546875 0.7402045937499999 0.720952703125 0.7170575578125
0 0.7500871375 0.6668689265625 0.73619671875 0.644593253125 0.6913955484375001 0.6393729796875001 0.6636635859375 0.6494122828125 0.6521749812500001 0.6703583046875 0.649721865625 0.6845950703125 0.656103884375 0.6978581953125 0.7030576421875 0.697445128125 0.71734876875 0.70824956875 0.7241314937500001 0.71004145625 0.73614541875 0.7020517140625 0.7416771484375 0.683666659375 0.74968643125 0.6783401640625 0.7500871375 0.6668689265625
0 0.7161246343750001 0.6033188328125 0.690545259375 0.6077247984375 0.682535975 0.613051290625 0.6731999562500001 0.628363978125 0.675577334375 0.64429035 0.6894433156249999 0.6392706984375 0.7304401984375 0.6414185984375 0.7381489515624999 0.6446955328125 0.748335259375 0.661031028125 0.7609746828125 0.6631297593750001 0.770511053125 0.642081453125 0.7692600578125 0.6219045078125001 0.7531168765625 0.6081299796875 0.7161246343750001 0.6033188328125
0 0.7489631812499999 0.55907038125 0.7274886234375 0.5579452890625001 0.711570234375 0.5657304703125 0.701809071875 0.565219065625 0.6885685875 0.5803271890625 0.6880677046875 0.594666234375 0.6936238718750001 0.6035765046875 0.764830271875 0.608743665625 0.76986111875 0.6046976546875 0.7744668203125 0.5848275515625 0.7643806890625 0.5656242453125 0.7489631812499999 0.55907038125
0 0.7328957390624999 0.5151327140624999 0.7248864546875 0.5204592078125 0.7131730593750001 0.519845521875 0.7072161859375 0.5224064890625 0.695827759375 0.5404847046875 0.695326875 0.55482375 0.699957015625 0.5622489749999999 0.7155748765625 0.563067221875 0.7216319265625 0.557638446875 0.7509154140625001 0.5591726609375 0.7672589484375 0.5672115734375 0.7720894421875 0.56890118125 0.781325284375 0.5564563031249999 0.7820265203125001 0.5363816390625 0.7640312828125 0.51963701875 0.7328957390624999 0.5151327140624999
0 0.7935175484375 0.40338649374999996 0.7583773640625 0.40154543593750003 0.7503680796875 0.4068719328125 0.7406069171875 0.406360528125 0.727366434375 0.4214686515625 0.728617428125 0.44164559687500005 0.7390040890625 0.45224547499999995 0.74896560625 0.44702125937500004 0.7665356984375 0.44794178906250004 0.7848314656250001 0.45608298124999996 0.7916141921875 0.4578748703125 0.804854675 0.442766746875 0.8071074375 0.4342655984375 0.8040043859375 0.4111185625 0.7935175484375 0.40338649374999996
0 0.8345901703124999 0.375371259375 0.8373438156249999 0.352531065625 0.8308616203125 0.34213575 0.81349188125 0.33547960312499997 0.790065090625 0.3342522328125 0.7663377703124999 0.34162828749999996 0.7550495203125 0.35683869375 0.7545486359375 0.371177740625 0.7639090921875 0.3831603796875 0.7687395859375 0.3848499875 0.7728444031249999 0.37931893125 0.7982234265625 0.3806485828125 0.8175453984375001 0.38740701093749996 0.8345901703124999 0.375371259375
0 0.806985246875 0.2977889609375 0.7969235546875 0.3058809828125 0.7871623921875 0.3053695765625 0.7740220859375 0.31760989375 0.77156896875 0.33184665625 0.774246878125 0.3391696015625 0.7881128578125 0.33414995 0.8154441140625 0.3355818859375 0.8356921140625 0.3438253578125 0.8478062156249999 0.33296780625 0.8503595078125 0.3158632328125 0.8458295453125 0.3055701984375 0.8362687359375001 0.29932317343750003 0.806985246875 0.2977889609375
0 0.8393229109375 0.2678795546875 0.82175281875 0.26695902656250003 0.7999777296875 0.2744373640625 0.7866370703125 0.29241329843749997 0.7891146250000001 0.305471859375 0.806985246875 0.2977889609375 0.8362687359375001 0.29932317343750003 0.8477817765625 0.3056724796875 0.848607628125 0.3100253328125 0.8573425859375 0.3119195015625 0.8604212015625 0.30777121093750004 0.8651270796875 0.2850333 0.8604969390624999 0.277608075 0.8393229109375 0.2678795546875
0 0.8711596921875 0.25230919531249996 0.8558423625 0.2428875203125 0.82665905 0.238485496875 0.8029317296875 0.2458615515625 0.791543303125 0.2639397671875 0.7931950046875 0.27264547499999997 0.8412751437500001 0.2679818359375 0.8683058703125001 0.2780171984375 0.8734368921875 0.2711033765625 0.8738375984375001 0.2596321390625 0.8711596921875 0.25230919531249996
0 0.829512871875 0.21277749375 0.8136946578125 0.217694865625 0.8062106968749999 0.23597764062499998 0.808888603125 0.2433005859375 0.8461813749999999 0.23950830625 0.8693076359375 0.249339103125 0.8752645093750001 0.24677813906249998 0.8760903609374999 0.25113099375000003 0.8820472359375 0.2485700265625 0.8863524078125 0.2373033515625 0.8818224453125 0.22701031718750003 0.8509874296875 0.21390258437499998 0.829512871875 0.21277749375
0 0.8539414296875 0.18532677343749998 0.8302141093750001 0.19270283125 0.8169736265624999 0.207810953125 0.8176992999999999 0.21503161875000001 0.8529396625000001 0.21400486718749998 0.87123543125 0.2221460578125 0.8838748531249999 0.2242447875 0.889005878125 0.2173309703125 0.8896069375 0.2001241140625 0.8754159874999999 0.186451865625 0.8539414296875 0.18532677343749998
0 0.856795253125 0.159618771875 0.8349199875 0.16996491875 0.8277365546875 0.17964426718749998 0.8282618765624999 0.19260055 0.838023040625 0.1931119546875 0.8539414296875 0.18532677343749998 0.8734637546874999 0.1863495828125 0.8897071125 0.1972563046875 0.8976162203125 0.1947976203125 0.9001695125 0.177693046875 0.89378749375 0.1644299203125 0.8860787406249999 0.1611529875 0.856795253125 0.159618771875
0 0.906703009375 0.1306298953125 0.8715628234375 0.1287888375 0.8574964875 0.139544109375 0.8416782749999999 0.1444614796875 0.838499484375 0.1514775796875 0.8400510109375 0.1630510984375 0.8686088249999999 0.1573646484375 0.89463300625 0.1620677625 0.9036298140625 0.180130578125 0.9128846749999999 0.14962863906249999 0.906703009375 0.1306298953125
0 0.84213028125 0.075531778125 0.8284646546875001 0.0748158109375 0.8126708796875001 0.107028509375 0.8097168796875 0.135604321875 0.8124949625 0.1400594546875 0.8290388515625 0.14236274843750002 0.8338693453125 0.14405235624999999 0.8369479578125001 0.1399040640625 0.847911240625 0.10600175781250001 0.848612478125 0.0859270921875 0.84213028125 0.075531778125
0 0.7733012593749999 0.0862909890625 0.7615878640625 0.085677303125 0.7480468515625 0.1093888546875 0.7435413265624999 0.1263911484375 0.7448924984375 0.143700284375 0.7614363875 0.146003578125 0.768419465625 0.1420598484375 0.781134628125 0.113995440625 0.77978345625 0.0966863046875 0.7733012593749999 0.0862909890625
0 0.7409147203125 0.0616097390625 0.719339984375 0.0633524578125 0.705798971875 0.087064009375 0.6968880984375 0.1182007875 0.6960866859375 0.14114326093750001 0.6996906203125 0.1499512515625 0.724143615625 0.1497958578125 0.7359327484375 0.12024640625 0.7440422109375 0.112052103125 0.7468960328125 0.0863441015625 0.7409147203125 0.0616097390625
0 0.7029207109375 0.08547668281250001 0.6892550843749999 0.08476071562500001 0.6738620156249999 0.105502178125 0.6708078390625001 0.13694579843750002 0.6746121281249999 0.1400181703125 0.68529931875 0.1420146203125 0.69433480625 0.1353053609375 0.6970884515625 0.11246516875000001 0.7034460328125001 0.09843296562500001 0.7029207109375 0.08547668281250001
0 0.659971596875 0.08322650312499999 0.6519623125 0.088552996875 0.64262629375 0.1038656828125 0.637920415625 0.1266035953125 0.64337640625 0.13838167343750002 0.6560158296874999 0.1404804046875 0.6651514953125 0.1309033375 0.6760146 0.099868840625 0.6736372234375 0.08394246875 0.659971596875 0.08322650312499999
0 0.622578646875 0.0898865921875 0.615395215625 0.0995659421875 0.6046322859375 0.1277326265625 0.6042315796875 0.1392038625 0.61184015625 0.1453486078125 0.6245797546875 0.144579528125 0.6380205921875 0.12373578593750001 0.6427264703125 0.1009978765625 0.6381965078125 0.090704840625 0.622578646875 0.0898865921875
0 0.6071611390625 0.083332725 0.5935956890625 0.07974895 0.580154853125 0.1005926921875 0.57134415625 0.128861659375 0.5787523796875 0.1407420203125 0.5874873375 0.1426361890625 0.5974488546875001 0.13741197656249998 0.6089374578125 0.11646595468750001 0.613543159375 0.09659585000000001 0.6071611390625 0.083332725
0 0.5622597921875 0.0809802625 0.55302395 0.093425140625 0.5422610203125 0.121591828125 0.5417601375000001 0.135930871875 0.5455644265624999 0.13900324375 0.5601560828125 0.1412042546875 0.5691915703125 0.134494996875 0.5822072609375 0.097827165625 0.5797297078125 0.084768603125 0.5622597921875 0.0809802625
0 0.6970615890625 0.1972189609375 0.6876009562500001 0.1881041296875 0.654413003125 0.1863653515625 0.6430245765625 0.2044435671875 0.645401953125 0.22036993749999997 0.6728333859375 0.2189340640625 0.696885675 0.2302499078125 0.7036684 0.23204179531250002 0.7107516546875 0.22523025625 0.7133049484375 0.2081256828125 0.7068227515625 0.19773036718749998 0.6970615890625 0.1972189609375
0 0.6918792671875 0.2615912453125 0.6872491265625 0.2541660203125 0.666175275 0.2415696921875 0.627030446875 0.242391884375 0.621799246875 0.2521735140625 0.61924595625 0.2692780875 0.6284060593749999 0.2869963484375 0.664672625 0.28458683125 0.6683767359375 0.2905270109375 0.6781379000000001 0.291038415625 0.6913783828125 0.27593029375 0.6918792671875 0.2615912453125
0 0.6575115578124999 0.21886197968749999 0.6398959671875 0.22405783124999998 0.6340135265625 0.238448153125 0.6642230437500001 0.24146741249999998 0.6853970703125001 0.25119593125 0.6900272109375 0.25862115625 0.69876216875 0.26051532499999996 0.7018407828125001 0.256367034375 0.7025420171875 0.23629236874999998 0.6761991187499999 0.220223484375 0.6575115578124999 0.21886197968749999
0 0.6093088765625 0.301797628125 0.590311871875 0.3137310984375 0.589810990625 0.32807014687499997 0.59454130625 0.33262756250000003 0.6179680984375 0.333854934375 0.6381159203125 0.3449662171875 0.6567122171875 0.3445039828125 0.6603918921874999 0.3231488328125 0.6519574625 0.3126512375 0.6307834359375 0.3029227171875 0.6093088765625 0.301797628125
0 0.5867323765625 0.3322184390625 0.5749432421875 0.36176789062500003 0.5777213265625 0.366223025 0.6070048140625001 0.3677572390625 0.634861390625 0.3821454546875 0.6416441171875 0.3839373421875 0.6487273734375 0.377125803125 0.6496289625 0.3513155203125 0.6179680984375 0.333854934375 0.5867323765625 0.3322184390625
0 0.6203699125 0.377076634375 0.6070048140625001 0.3677572390625 0.5778215015625 0.36335521718749997 0.568786015625 0.3700644734375 0.5624284328125 0.3840966765625 0.56295375625 0.39705295937499996 0.5882326015625 0.40125042187500004 0.61403676875 0.4184041625 0.6248241359375 0.41753280468750004 0.6360122109375 0.405190209375 0.6366132703125 0.387983353125 0.630131075 0.3775880375 0.6203699125 0.377076634375
0 0.5882326015625 0.40125042187500004 0.57271491875 0.3975643640625 0.55782273125 0.40396677968750005 0.549312565625 0.42363231875 0.548911859375 0.43510355624999997 0.553441821875 0.445396590625 0.580873253125 0.443960715625 0.5914602671875 0.44882497499999996 0.6081043328125 0.44826045781249996 0.6132353562499999 0.44134663749999997 0.615688471875 0.4271098734375 0.609306453125 0.413846746875 0.5882326015625 0.40125042187500004
0 0.54127641875 0.5137126046875 0.5178496296875 0.5124852328125 0.5039836484375 0.5175048859375 0.49670003749999997 0.5300520453125 0.49917759375 0.5431106078125 0.528260728125 0.5503804406249999 0.5560171281249999 0.5676364640625 0.56670431875 0.5696329140625 0.5779925703125001 0.5544225078125 0.5785936296874999 0.5372156546875 0.5701592015625 0.5267180578125 0.54127641875 0.5137126046875
0 0.5512868109375 0.5630790484375 0.535769128125 0.5593929906249999 0.528260728125 0.5503804406249999 0.49917759375 0.5431106078125 0.47177059843749997 0.5718418093750001 0.473121771875 0.589150946875 0.481456021875 0.6025163515624999 0.5127919203125 0.601285040625 0.5271832234375 0.6092216671874999 0.53591818125 0.6111158375 0.5458796968749999 0.605891621875 0.5570677703125 0.5935490296875 0.5577690078125 0.5734743640625 0.5512868109375 0.5630790484375
0 0.4720149796875 0.8447950859375 0.46563296093749995 0.8315319625 0.442306346875 0.82743678125 0.43429706250000005 0.8327632749999999 0.4310180953125 0.8426471859375001 0.41880381875 0.8563725468750001 0.395025196875 0.9212070656250001 0.39627619375 0.9413840125 0.4097414671875 0.9478355984375 0.42823758749999996 0.950241171875 0.445282359375 0.9382054171875 0.4501885921875 0.9097318874999999 0.473065621875 0.8707076499999999 0.4720149796875 0.8447950859375
0 0.41910434687500003 0.8477691203125 0.43141880312499997 0.8311759500000001 0.432220215625 0.8082334765624999 0.423986140625 0.7920002625 0.40065952656250003 0.78790508125 0.37898461562499997 0.792515609375 0.352327734375 0.855762803125 0.34792238593749997 0.8698972859375 0.3471209734375 0.892839759375 0.350224025 0.9159867937499999 0.3586584515625 0.9264843921875 0.375202340625 0.9287876859375 0.3858895328125 0.9307841343750001 0.395025196875 0.9212070656250001 0.3996308984375 0.9013369656249999 0.41880381875 0.8563725468750001 0.41910434687500003 0.8477691203125
0 0.3297023578125 0.8315929578125001 0.32669948125000003 0.8055781140624999 0.31826505312500003 0.795080515625 0.3045994265625 0.79436455 0.2965901421875 0.79969104375 0.2791446640625 0.8231980328124999 0.264176740625 0.8597635859375 0.2595710390625 0.879633690625 0.2610223875 0.8940750171875 0.2638004703125 0.8985301515625 0.280344359375 0.9008334437500001 0.3008928890625 0.900473490625 0.303971503125 0.8963251984375 0.3068253265625 0.8706171953125 0.3153354921875 0.8509516546875 0.3297023578125 0.8315929578125001
0 0.3880073328125 0.5787292390625 0.378688934375 0.5770207968750001 0.3413961640625 0.5808130765625 0.3240508625 0.60145225625 0.3264282375 0.617378628125 0.3597163671875 0.616249596875 0.3837686578125 0.627565440625 0.394455846875 0.6295618890625 0.3995868703125 0.62264806875 0.40650709531249996 0.615263790625 0.404270321875 0.589906684375 0.3880073328125 0.5787292390625
0 0.3597163671875 0.616249596875 0.33628957812500004 0.6150222249999999 0.31441431406250003 0.6253683703124999 0.3030258859375 0.643446584375 0.3044772359375 0.6578879125 0.314863896875 0.6684877890625 0.354008725 0.6676655984375001 0.3567868078125 0.672120734375 0.37548328125 0.6687906906250001 0.384618946875 0.659213621875 0.38542035937499997 0.6362711484375 0.382742453125 0.6289482046875 0.3597163671875 0.616249596875
0 0.46789299531250006 0.48688345625 0.469119553125 0.47976507343749997 0.46263735781250004 0.469369759375 0.43375457656250005 0.4563643078125 0.40251885625000006 0.45472781093750003 0.395235246875 0.46727496874999996 0.39052936875 0.49001288125000003 0.40164170312499997 0.507833421875 0.43185122031249995 0.5108526796875 0.44899616875000004 0.49594912031250005 0.4524754890625 0.4803295890625 0.4584323640625 0.47776862343750004 0.46789299531250006 0.48688345625
0 0.5091928343750001 0.3683788078125 0.48801880625000005 0.358650290625 0.46243942968749996 0.36305625625000004 0.453303765625 0.372633325 0.45095082656249996 0.38400228125 0.452602528125 0.3927079890625 0.46196298437500005 0.4046906296875 0.486415978125 0.40453523750000003 0.5137477828125 0.4013323015625 0.5242710875000001 0.38314486875 0.5206150828125 0.3760697109375 0.5091928343750001 0.3683788078125
0 0.47515459218749995 0.3349918515625 0.463866340625 0.35020225625 0.4664440703125 0.36039300937499996 0.4899710375 0.358752571875 0.5102190375 0.36699604375 0.5150495312500001 0.3686856515625 0.5181281453125 0.364537359375 0.5145564828125 0.32603728906249996 0.500934321875 0.32485026562499997 0.47515459218749995 0.3349918515625
0 0.51169725 0.296683578125 0.4877695765625 0.309795253125 0.482638553125 0.3167090734375 0.4821376703125 0.3310481203125 0.514700125 0.322698425 0.5210577062499999 0.3086662203125 0.5259883765625 0.30748801875 0.52628890625 0.29888459218749996 0.51169725 0.296683578125
0 0.5698903828125 0.226469453125 0.5651600671875 0.22191203750000002 0.52406300625 0.2226319453125 0.49840789062499996 0.25720104843749997 0.49790700781249997 0.27154009375 0.5054154078125 0.28055264687500003 0.5338730453125 0.27773400625 0.5517436671875 0.27005110781249997 0.560979509375 0.25760623125 0.563933509375 0.22903041875 0.5698903828125 0.226469453125
0 0.5433605390625 0.20209504687500002 0.5448118890625 0.2165363734375 0.5732695265625 0.213717734375 0.5810540171875 0.1868315296875 0.5782759343749999 0.18237639375 0.552796734375 0.1839145515625 0.5433605390625 0.20209504687500002
0 0.5730691734375 0.21945335156249998 0.574195553125 0.21520277812500002 0.559704075 0.21013395625000003 0.54804550625 0.2165351421875 0.5730691734375 0.21945335156249998
0 0.355117940625 0.29997233749999996 0.339399903125 0.3020219 0.320302721875 0.3168231828125 0.3226800984375 0.33274955156249997 0.336345728125 0.33346551875 0.35073703125 0.34140215 0.37275671875 0.346531846875 0.386277921875 0.3317719703125 0.38657845156250004 0.32316854375 0.37629196875000004 0.30970085625 0.355117940625 0.29997233749999996
0 0.3324412609375 0.3332609578125 0.316823403125 0.332442709375 0.30173086250000003 0.34458074375000003 0.299277746875 0.358817509375 0.3020558296875 0.36327264375 0.317673690625 0.3640908921875 0.341625803125 0.3782745453125 0.35231299374999997 0.38027099531249997 0.35939625 0.37345945625 0.3637014203125 0.36219278125 0.3592716359375 0.3490319375 0.3324412609375 0.3332609578125
0 0.300203775 0.36030255312500004 0.2803809203125 0.3678831734375 0.2710449015625 0.3831958578125 0.2734222796875 0.3991222296875 0.298901478125 0.39758407500000004 0.32305394375 0.406032109375 0.33579354375000003 0.40526303124999996 0.34297697656250004 0.3955836828125 0.3434778578125 0.3812446359375 0.3388477203125 0.3738194125 0.300203775 0.36030255312500004
0 0.3104145203125 0.40393337812499996 0.287288259375 0.394102578125 0.2635609390625 0.401478634375 0.2563775078125 0.41115798437500006 0.256802653125 0.426982075 0.282181675 0.4283117265625 0.30808601874999997 0.4425976625 0.32082561875 0.4418285828125 0.3300614609375 0.42938370625 0.3304621671875 0.41791246875 0.3222280921875 0.4016792546875 0.3104145203125 0.40393337812499996
0 0.29230792499999997 0.4253838140625 0.26497666875000003 0.42395188125 0.255015153125 0.4291760953125 0.2457793109375 0.44162097187500005 0.24723066093749999 0.45606229843749996 0.2575171453125 0.469529984375 0.2888530421875 0.46829867031249994 0.295535590625 0.47295836874999997 0.30837536875 0.46932148125 0.317611209375 0.4568766046875 0.3181120921875 0.44253755781250004 0.3153340078125 0.438082421875 0.29230792499999997 0.4253838140625
0 0.2501934171875 0.5042083609375 0.21174982656250002 0.48495588593749994 0.188323034375 0.4837285140625 0.1791873703125 0.49330558281250003 0.17488220000000002 0.50457225625 0.176959046875 0.52910205625 0.1984336046875 0.5302271468749999 0.228342590625 0.541849834375 0.2370775484375 0.543744003125 0.24621321406250002 0.5341669359375001 0.2524706171875 0.5230025406250001 0.2529715015625 0.5086634953125 0.2501934171875 0.5042083609375
0 0.17500681406250002 0.5289997734375 0.16176633125 0.5441078984375001 0.1571606296875 0.5639780015625 0.167246759375 0.5831813078125 0.20043471406250002 0.5849200828125001 0.2051650296875 0.5894774984375 0.21790462968750002 0.5887084203125 0.23309734531249998 0.573702578125 0.2310204984375 0.5491727796875 0.196481371875 0.530124865625 0.17500681406250002 0.5289997734375
0 0.19177306875 0.664911896875 0.15518153437499999 0.6486295125 0.1337069765625 0.647504421875 0.115836353125 0.6551873203125 0.10229534062500001 0.6788988734375 0.1067251265625 0.692059715625 0.1162859359375 0.698306740625 0.1659176 0.705216615625 0.1766047921875 0.70721306875 0.1875925125 0.700606090625 0.196002503125 0.6838083593750001 0.19630303124999998 0.6752049312499999 0.19177306875 0.664911896875
0 0.139412196875 0.7081375390625 0.1162859359375 0.698306740625 0.08094539843750001 0.7022013015625 0.0668790625 0.71295656875 0.0575430453125 0.72826925625 0.0588942171875 0.745578390625 0.065476590625 0.7531058984375 0.085099090625 0.7512609015625 0.11130396718749999 0.75694340625 0.1259957984375 0.756276609375 0.13913610468749998 0.74403629375 0.1454936859375 0.7300040906249999 0.1458943921875 0.7185328546874999 0.139412196875 0.7081375390625
1 0.6079320078125 0.8134234843750001 0.7063842796875 0.83311361875 0.7204998812500001 0.771190296875 0.6256095625 0.7543091859375 0.6079320078125 0.8134234843750001
1 0.70885521875 0.8294188453125001 0.6104563062499999 0.808201778125 0.593298784375 0.8524287859375 0.6950443468749999 0.8759475015625 0.70885521875 0.8294188453125001
1 0.539954896875 0.8450023109375 0.49722057499999994 0.9659036249999999 0.5492748984375 0.9791801140624999 0.5867002265625 0.85509984375 0.539954896875 0.8450023109375
1 0.3515437828125 0.8801994453124999 0.357704553125 0.8608211359375 0.3826899375 0.808400053125 0.34842303281250003 0.8028304078125 0.29436102656249996 0.9212670812500001 0.350663178125 0.9333949828125 0.3528680046875 0.9224202515625001 0.3485394796875 0.9122504484375 0.349125884375 0.8970872453125001 0.3515437828125 0.8801994453124999
1 0.2514832796875 0.9083589 0.2593267546875 0.89430470625 0.25966304687499997 0.87505375625 0.2987977 0.7941010578125 0.2577132546875 0.7865138375 0.19930415937499998 0.899559115625 0.2514832796875 0.9083589
1 0.207323159375 0.9009674000000001 0.263736125 0.7873234640625 0.21568700624999998 0.778064565625 0.1556385828125 0.888872296875 0.207323159375 0.9009674000000001
1 0.16019864374999998 0.893063709375 0.220973878125 0.7796483375000001 0.17523034843750002 0.7691535859374999 0.1099424453125 0.87857315 0.16019864374999998 0.893063709375
1 0.1141669265625 0.8827469812500001 0.1781944046875 0.7724663875 0.14265846875 0.7631252953125001 0.0755175296875 0.8728170265624999 0.1141669265625 0.8827469812500001
1 0.198084825 0.6688186968750001 0.21648026874999998 0.6367218546875 0.139819371875 0.6237704625 0.12403829687500001 0.652093565625 0.1366951984375 0.64583975625 0.155452146875 0.64781058125 0.16834951250000002 0.6539210140625 0.198084825 0.6688186968750001
1 0.1403009875 0.6292304296875 0.2168686953125 0.64114699375 0.24026479687500002 0.5935152703125001 0.1647556328125 0.5835754109375 0.1403009875 0.6292304296875
1 0.336242334375 0.5829597796875 0.4155544625 0.602925171875 0.4372896203125 0.5600024593749999 0.35593849375 0.5484189453125 0.336242334375 0.5829597796875
1 0.3541745578125 0.5507968578125 0.435775671875 0.56297713125 0.45511475625 0.5189532453125001 0.37381078749999996 0.5083478968749999 0.3541745578125 0.5507968578125
1 0.23648682031249998 0.4729914609375 0.22445756718749998 0.49014760312499994 0.25414946875 0.5159124234375 0.2844787375 0.5234302578125 0.3061564140625 0.48151391875 0.23648682031249998 0.4729914609375
1 0.41479053437499996 0.442837225 0.4935955734375 0.44844817656249997 0.5130238515625 0.4108554640625 0.43135503750000004 0.4017094859375 0.41479053437499996 0.442837225
1 0.46082545937499997 0.48590604531250003 0.4717586234375 0.485250928125 0.49514454375000005 0.4426005359375 0.41559950937499995 0.43892712500000003 0.4104709625 0.4510100546875 0.4008570390625 0.4712418609375 0.44762031875 0.47917870156250003 0.46082545937499997 0.48590604531250003
1 0.5277022140625001 0.49234666562499996 0.6140184078125001 0.5042799109375 0.6298945484375 0.4636101484375 0.5473728999999999 0.4489113546875 0.5277022140625001 0.49234666562499996
1 0.602607896875 0.5422191953125 0.6142595828124999 0.49737561875 0.531952903125 0.4861464984375 0.517862265625 0.5129797234375 0.5280715093749999 0.510646428125 0.5480845484375 0.51515339375 0.5673403125 0.522091046875 0.5805298234375 0.539086215625 0.602607896875 0.5422191953125
1 0.7165927890625 0.4966834578125 0.8017045250000001 0.504601059375 0.812235609375 0.4623408234375 0.730223378125 0.452931696875 0.7165927890625 0.4966834578125
1 0.7625442640625 0.52947509375 0.7795062703125 0.53513493125 0.78908518125 0.53972639375 0.8025134765624999 0.5006909015625001 0.7181417328124999 0.4908358 0.7076607640625 0.5214128359375 0.71778270625 0.5230403484374999 0.7270175234375 0.5242057921875001 0.7625442640625 0.52947509375
1 0.8232531765625 0.4240690890625 0.8325976765625 0.39011417187499997 0.755857725 0.38312922031249996 0.745290884375 0.4149551171875 0.8092066359375 0.42207581875000005 0.8232531765625 0.4240690890625
1 0.678940134375 0.2946141453125 0.6196665140625 0.2880502296875 0.612309615625 0.3074796 0.6281615953124999 0.31324824375000004 0.6477975515625001 0.317569115625 0.661550190625 0.320876665625 0.678940134375 0.2946141453125
1 0.7831086375 0.10334103593749999 0.7617158328125 0.1587177421875 0.8034114609375 0.1584319234375 0.809521178125 0.1375072 0.808016384375 0.11321915468749999 0.8126715109375 0.105063921875 0.7831086375 0.10334103593749999
1 0.52645526875 0.09853808593749999 0.50150099375 0.14768052812500002 0.5357281703125001 0.1494737515625 0.541510578125 0.1379190796875 0.54073681875 0.12157437812500001 0.5497804515625 0.1032736953125 0.52645526875 0.09853808593749999
1 0.4872209984375 0.3061000296875 0.5182585343749999 0.3112258328125 0.550214240625 0.318249128125 0.5566122859375 0.2874447359375 0.5008508765624999 0.2816167796875 0.4872209984375 0.3061000296875
1 0.453417590625 0.6557212984375 0.5485872046875 0.674047184375 0.5712007640625 0.6233550421875 0.47353952968749996 0.60511955625 0.453417590625 0.6557212984375
1 0.551547303125 0.66629720625 0.454966584375 0.6498736625 0.4315208484375 0.70108449375 0.5315320781249999 0.7195958 0.551547303125 0.66629720625