0 0.684070453125 0.886302734375 0.697728446875 0.8874959515624999 0.7079135890625 0.879141359375 0.762688709375 0.8808452656249999 0.825599825 0.8971265796875001 0.8638618093750001 0.8958470953125 0.8691503859375 0.8454648718750001 0.8502644 0.7883484546874999 0.8251407000000001 0.7599610515624999 0.798397284375 0.745298759375 0.7517130171875 0.7381387625 0.663052765625 0.748881865625 0.65301076875 0.75416749375 0.6392547703125 0.776076740625 0.6364447703125 0.7943200671875 0.6496204718749999 0.8478561421874999 0.684070453125 0.886302734375
0 0.9583947593750001 1 0.95122605 0.9758941359375 0.9209646390625 0.9316505296875001 0.8880815109375 0.9226147875 0.8557709546875 0.9013031859374999 0.8226015390624999 0.8984053718749999 0.7556901359375 0.9048856015625001 0.7378887125 0.9295228921875 0.7346492812500001 0.9569731125000001 0.742973559375 0.98851505625 0.7484693250000001 1 0.9583947593750001 1
0 0.1772867 0.5369625234375001 0.1693841296875 0.5593831484375 0.1679526984375 0.5900727921875 0.17642011875000002 0.61854576875 0.1899801109375 0.6428414515624999 0.2090621 0.6537529421875 0.2176726671875 0.67915695625 0.23028351875 0.681799425 0.2479417984375 0.6602310984375 0.3276523375 0.673357875 0.34059461562500004 0.6898959140625001 0.3542526109375 0.6910891328125001 0.38585517187499996 0.66457609375 0.389094603125 0.6371258734375 0.38091346875 0.6025149671875 0.35621919687500003 0.5649206703125 0.319576928125 0.5524750421875 0.295070940625 0.5318452796875001 0.22858896718750002 0.5291186171875 0.1772867 0.5369625234375001
0 0.12210836875 0.41548558125 0.1069791265625 0.49110651406250005 0.1438309984375 0.5402026375 0.168005559375 0.54693683125 0.17562184375 0.530654134375 0.187471840625 0.528607928125 0.26204466875 0.5258785015624999 0.302732365625 0.5355960843750001 0.31215665000000004 0.5225528140625 0.31496665 0.5043094859374999 0.303455803125 0.4570817984375 0.2843286734375 0.4261368109375 0.23293612656249998 0.393913721875 0.1979587125 0.3877764828125 0.13338332656250002 0.40473361875 0.12210836875 0.41548558125
0 0.541661446875 0.2853005328125 0.5533682984375 0.286323290625 0.5758328625 0.2667155953125 0.624611415625 0.2709770890625 0.6431208328125 0.2941644359375 0.65197254375 0.29339702343749996 0.6747233968749999 0.267651396875 0.68272396875 0.2221283109375 0.6712582640625 0.1949341234375 0.6489897046875 0.1683368921875 0.6237680015625 0.16305195156250002 0.612776865625 0.14668437343750002 0.5953597296875001 0.1420812703125 0.5347311828125 0.1398659859375 0.5146471890625001 0.15043724687499999 0.49851062031250004 0.1813829265625 0.5029326140625 0.2125839484375 0.541661446875 0.2853005328125
0 0.484189771875 0.1523985671875 0.49946748281250003 0.139866675 0.5168846171875 0.144469778125 0.534874325 0.136797021875 0.5974540140625 0.13918276406250002 0.62419743125 0.1538450609375 0.6406202875 0.11676145 0.6384357203125 0.07959295625 0.6282054406250001 0.067914053125 0.624266215625 0.0434410078125 0.5925651734375 0.0339856765625 0.5087275140624999 0.0266612796875 0.44891446406249996 0.023526609375 0.438470090625 0.040552862499999995 0.43841722812499995 0.0836888234375 0.4678197796875 0.14634621406249998 0.484189771875 0.1523985671875
0 0.2226232875 0.27899835781250004 0.2352792796875 0.30167432656250004 0.24593899062500002 0.30414633593749996 0.25493384531249996 0.30030995781250003 0.2815418390625 0.25487175624999997 0.2815947015625 0.2117357953125 0.2628970015625 0.1715839125 0.24200701093750002 0.1574329953125 0.2263978734375 0.15606931875000002 0.1828098953125 0.12452806718750001 0.11647106562500001 0.1187324390625 0.0953399296875 0.1307529515625 0.0872799484375 0.2560461671875 0.154190171875 0.276101234375 0.2226232875 0.27899835781250004
0 0.1945167484375 0.1255508265625 0.21902273593750002 0.14618058750000001 0.24319729687499997 0.1529147796875 0.251054728125 0.1104606578125 0.24092245 0.0756792890625 0.175683625 0.025298446875000002 0.13137993125 0.009102015625 0.0902628046875 0.0085913296875 0.060611384375 0.035274824999999996 0.07197908750000001 0.085571475 0.06721794375 0.10364434062500001 0.0806347921875 0.1310089875 0.10671535624999999 0.117880140625 0.1361256296875 0.1173680703125 0.1945167484375 0.1255508265625
1 0.677418953125 0.3075062046875 0.493001975 0.2879881015625 0.525211175 0.42592415624999996 0.7212235234375 0.4521773390625 0.677418953125 0.3075062046875
1 0.56078481875 0.551618603125 0.7679022609375 0.56949026875 0.71601393125 0.42172762031250005 0.514928259375 0.397639396875 0.56078481875 0.551618603125
1 0.6087389078125 0.6783947078125 0.8064438109375001 0.6983409828125 0.7585539828125001 0.5402060234375 0.5580513359375 0.52138530625 0.6087389078125 0.6783947078125