0 0.03371650625 0.1903453359375 0.028142740625000003 0.19908085 0.025023840624999998 0.226201965625 0.031805434375000004 0.262379796875 0.054560628124999996 0.3039470296875 0.067289834375 0.31559137812500004 0.0888790296875 0.31920065468750003 0.11338059687499999 0.33930834375 0.13858803125000002 0.320864703125 0.2445366484375 0.318638296875 0.2652526546875 0.3329773453125 0.275069490625 0.3281232796875 0.2857595125 0.31253944375 0.2997775859375 0.304611440625 0.299069096875 0.2647662953125 0.281971328125 0.228374328125 0.26874278125 0.21166178125 0.256013575 0.200017434375 0.2231095296875 0.1860576234375 0.21375020312499998 0.189024496875 0.1770605953125 0.169296046875 0.150770825 0.1636925125 0.1020186703125 0.16520947187499999 0.03371650625 0.1903453359375
0 0.52927788125 0 0.5192772796875 0.005065390625 0.5049690171875 0.04270214375 0.5154943421875 0.0776932265625 0.5325502796875 0.107129803125 0.5546806421875 0.1227626671875 0.5650804765624999 0.1368875828125 0.578682871875 0.1378021578125 0.5912029296875 0.1146695609375 0.6248965015625 0.10398881874999999 0.6342139953125 0.0940665546875 0.6810106265625 0.0792321921875 0.7401207828125 0.08488475625 0.736667240625 0.0563627578125 0.7157002546875 0.000291371875 0.715525128125 0 0.52927788125 0
0 0.6378374828125 0.228806590625 0.6640435953125 0.220499346875 0.692994759375 0.20086895624999998 0.7360476578124999 0.1872213421875 0.8087183828125 0.186833096875 0.7961957015625 0.13156921875 0.7782247453125 0.10590702187500001 0.7664523875 0.0974436828125 0.701642971875 0.0796604625 0.6473170515625 0.0899129328125 0.6202377546875 0.10894994843750001 0.5940316421875 0.1172571921875 0.580097228125 0.1390959734375 0.5798488703125 0.175760115625 0.5903323640625 0.2037958078125 0.6143764234375 0.22579068593749999 0.6378374828125 0.228806590625
0 0.6845556968750001 0.3568543984375 0.6947882109375 0.3431577546875 0.74249985625 0.324549009375 0.74620175625 0.3164068703125 0.7986139796875 0.2997923828125 0.840835521875 0.3038299296875 0.8628403953125 0.2985966265625 0.8541451062500001 0.25605678125 0.8285193703125 0.204946525 0.8157901640624999 0.19330217656249998 0.789500390625 0.18769864218750001 0.70422595 0.197308709375 0.6724879015624999 0.22130685468750003 0.6378374828125 0.228806590625 0.6303918515625 0.23813547812500002 0.6235292203125 0.26644334375 0.633139528125 0.30520880781250004 0.6483236 0.33523875937500003 0.6845556968750001 0.3568543984375
0 0.7350542265625 0.33387789687499997 0.6938731921875 0.3469321359375 0.6842655093750001 0.3865631484375 0.6995750703125 0.4374592671875 0.7198754 0.46064089687500004 0.7424214421875 0.46743118125 0.7556499875 0.4841437296875 0.7711242484375 0.48446493124999995 0.7826874578125 0.45815132500000005 0.8098085875000001 0.4460696984375 0.8200411015625001 0.4323730546875 0.874325190625 0.4151651921875 0.924991040625 0.4200102484375 0.9186251249999999 0.3749898375 0.9110121734375 0.356497165625 0.8845132515625 0.31611668437499996 0.8670834640624999 0.30247807656250003 0.7798953296875 0.305726128125 0.747158603125 0.3195878796875 0.7350542265625 0.33387789687499997
0 0.7997878484375 0.5729397656249999 0.8237482453125 0.58102386875 0.8425923890625 0.5959562921875 0.85007985 0.59358279375 0.8583986671874999 0.573524134375 0.871543553125 0.5763259 0.945544971875 0.5633206921875 0.956901653125 0.5806266140624999 0.9723340828125 0.5739924249999999 0.9833561234375001 0.5356552296875 0.9680465609375 0.4847591109375 0.95294615 0.46863993906249996 0.9396339421875 0.43801661249999996 0.918418596875 0.4186093640625 0.8790257671875 0.4171594515625 0.8406316171875 0.42584593593750003 0.7855161703125 0.46073895625 0.7725386046875 0.4857587484375 0.771207909375 0.49837570937500003 0.7808600453125 0.5440965640625001 0.7997878484375 0.5729397656249999
0 1 0.6567186671874999 0.9452574078125 0.6714259171875 0.9210068203124999 0.693050565625 0.8779957515625 0.7136535687500001 0.8705919515625 0.729937846875 0.8670155421875 0.7589461531249999 0.8627724718750001 0.7550647046875001 0.8724246078125001 0.8007855562499999 0.89609481875 0.8385784093750001 0.9200970484375001 0.8536179 0.9332001046875 0.8494642765625 0.9445149546874999 0.8598148078125 0.98008039375 0.848540690625 0.98378229375 0.8403985531249999 1 0.833308584375 1 0.6567186671874999
0 0.57463335 0.9457070265624999 0.5720948265625 0.9134106453124999 0.56252635 0.8816005718750001 0.541684853125 0.846395353125 0.510111503125 0.8198185812500001 0.4650612484375 0.8131934015625 0.4415165296875 0.79626671875 0.3824482 0.79756954375 0.34313903125 0.8100304093749999 0.2964260640625 0.8387755515625 0.2886902453125 0.8778131890624999 0.3021279421875 0.9293026843750001 0.32296943906250003 0.9645079000000001 0.342271090625 0.9775531328125 0.361031571875 0.9785747765625 0.36539235468750003 0.98433679375 0.40145353593750005 0.9826572171875 0.40787003281249995 0.970695803125 0.4294592265625 0.9743050796875 0.499716915625 0.9624866187500001 0.5194342453125 0.9666892703125001 0.5303282046875 0.9766547828125001 0.5417278734375001 0.9761238343749999 0.5490102390625 0.972993246875 0.556871546875 0.9548217781250001 0.5690595859375 0.9544425390625 0.57463335 0.9457070265624999
1 0.30479965781249996 0.3343064234375 0.048963825 0.352570753125 0.1029940859375 0.4940579546875 0.367940421875 0.4765847296875 0.30479965781249996 0.3343064234375
1 0.156990740625 0.6250124296874999 0.42773769531249994 0.5993262859375 0.3572698484375 0.449781409375 0.0954786859375 0.47600980000000004 0.156990740625 0.6250124296874999
1 0.2100457890625 0.7580389281250001 0.48426300156249996 0.724370165625 0.41865330468749995 0.5792810640625 0.147050775 0.6006379859375001 0.2100457890625 0.7580389281250001
1 1 0.5978852265625 0.9981651546875 0.594611996875 0.733854696875 0.6175446421874999 0.8093913374999999 0.7786117031249999 1 0.7208988859375001 1 0.5978852265625