0 0.2520515 0.8988637781250001 0.275745403125 0.9409742078125 0.318541315625 0.9523766 0.350796684375 0.9518516609375001 0.356771284375 0.9454550140625001 0.3775124015625 0.8768238343749999 0.38239806718749997 0.8208495359375 0.35276693125 0.6150510062500001 0.30172927656250004 0.5719857109375 0.24715700312500002 0.563474721875 0.2320764703125 0.5877179124999999 0.2235150046875 0.6303532796875 0.22305410312500001 0.65675831875 0.2363226890625 0.6803401625000001 0.2553297171875 0.8230174953124999 0.2520515 0.8988637781250001
0 0.4646540609375 0.92280123125 0.46919405156250005 0.8866307140625 0.447945834375 0.7603883234375 0.41477436875 0.7014337187499999 0.3954159578125 0.690849784375 0.36795698125 0.6964961781250001 0.38412074218750003 0.8341202593749999 0.3774547890625 0.8801244625000001 0.3824499734375 0.9298385265625001 0.3891418796875 0.9383288171874999 0.4526472484375 0.9388951531249999 0.4646540609375 0.92280123125
0 0.8744558031249999 0.565564628125 0.9309235906250001 0.577444453125 0.9384480265624999 0.5942204203125 0.9492190203125 0.59294523125 0.956256603125 0.58163174375 0.9817624531250001 0.57591714375 0.9852970750000001 0.5413628390625 0.9743272890625001 0.49804542031250004 0.9350659984374999 0.45208872343750006 0.8903745750000001 0.437317496875 0.8082280984375 0.44105416406250003 0.795100690625 0.4653655546875 0.7944669515625 0.5016724859374999 0.8036564500000001 0.5350198078124999 0.8313718281250001 0.5706653875 0.8744558031249999 0.565564628125
0 0.8777542671875 0.6565024625 0.9030556187500001 0.7184848765625 0.91465914375 0.7254953625 0.9202304546875 0.7422031265625 0.9347924734375 0.74766560625 0.94378318125 0.7364203218750001 0.9875844609375 0.7462065015625 0.9899465828125 0.610880675 0.9676872890625001 0.59854411875 0.8934685390625001 0.59595234375 0.87637726875 0.6234279593750001 0.8777542671875 0.6565024625
1 0.0346773078125 0.17253408125 0.25170653593750003 0.20313729062500002 0.23153994687499999 0.053540970312500005 0.0181097640625 0.011603517187499999 0.0346773078125 0.17253408125
1 0.0498079609375 0.29893029531250004 0.2764576828125 0.3430535078125 0.254045665625 0.166400884375 0.0373473109375 0.13641875781249999 0.0498079609375 0.29893029531250004
1 0 0.902576903125 0.0046880234375 0.95581265625 0.1431787296875 0.9675456796875 0.10443755937500002 0.6163052125 0 0.5926541859375 0 0.902576903125
1 0.26044674218749997 0.9681923906250001 0.20734994843750001 0.62605016875 0.080009084375 0.61359985625 0.12192596093750001 0.9581824390625 0.26044674218749997 0.9681923906250001
1 0.5883279359375 0.9968843406250001 0.5227150593750001 0.6736916484375 0.4076798078125 0.6543540421875 0.46392555937499996 0.9959886250000001 0.5883279359375 0.9968843406250001
1 0.6939159218750001 1 0.61442059375 0.6790487062499999 0.49751964375 0.6488702421875 0.569922246875 0.9996901109375 0.574006265625 1 0.6939159218750001 1
1 0.7919369359374999 1 0.7160567015625 0.6998349453125 0.5950017765625 0.6729649249999999 0.6713751640625001 1 0.7919369359374999 1
1 0.88747980625 1 0.8064880249999999 0.7051475046875 0.6925440625 0.69361333125 0.767640190625 1 0.88747980625 1
1 0.9536330062499999 1 0.873494946875 0.737652240625 0.788946853125 0.7211188328125 0.8767696546874999 1 0.9536330062499999 1
1 0.8622713390625 0.1427469 0.7027683328125 0.107865259375 0.738072575 0.24703533906250003 0.899613790625 0.28198815625 0.8622713390625 0.1427469
1 0.7662544062500001 0.38054821875 0.93410931875 0.40906047343749996 0.887984996875 0.2470977625 0.736244596875 0.23490205 0.7662544062500001 0.38054821875
1 0.413335825 0.36606940312499997 0.60793555625 0.399394490625 0.5720333 0.23606448593749998 0.38195448593750003 0.20011511406250002 0.413335825 0.36606940312499997
1 0.550635959375 0.11813469843749999 0.3576499078125 0.07346272499999999 0.3804228609375 0.2294373546875 0.5754172015625 0.27590364843750004 0.550635959375 0.11813469843749999