0 0 0.168822725 0.0167736640625 0.219577540625 0.0480932609375 0.2456870546875 0.0610085234375 0.2651499234375 0.09763873437500001 0.2853886140625 0.135098890625 0.2867148484375 0.15887621875 0.2716761203125 0.159706165625 0.2527636640625 0.158411871875 0.236199534375 0.14484512656249998 0.22870372187500002 0.12326309375 0.1850813265625 0.11230228125 0.1297172859375 0.0886497109375 0.1131269140625 0.053313796875 0.1094523546875 0.010319539062499999 0.1201087171875 0 0.121397590625 0 0.168822725
0 0.5794729859375 0.650224709375 0.5749923234375001 0.6371830734375 0.5217874671875 0.6060256625 0.511523178125 0.6038765046875 0.480373375 0.6113198328125 0.460193053125 0.6336289578125001 0.456346534375 0.6896167531249999 0.4723771109375 0.7618699203125 0.48859482656250003 0.7866794421875001 0.529768078125 0.8041452203125001 0.5690579265625 0.8011993796875 0.5923622359375 0.791182309375 0.611837365625 0.756156546875 0.611132175 0.7434399078125 0.593968425 0.7286736968749999 0.5855962031249999 0.706437915625 0.5742784640624999 0.664964678125 0.5794729859375 0.650224709375
0 0.6730801484375 0.1665994921875 0.6579782640625 0.1652995015625 0.59831529375 0.1704447953125 0.576622240625 0.18858679218750002 0.5838618875 0.2652293078125 0.581853728125 0.276446784375 0.631747459375 0.3427557859375 0.654810925 0.355498665625 0.6934492921875 0.36451988125 0.7200560546875 0.35984946406249996 0.7336851765625 0.351530728125 0.717288996875 0.33366660625 0.7162355453125 0.29434252656250004 0.696313409375 0.2128952140625 0.6997406203125001 0.1866127703125 0.6730801484375 0.1665994921875
0 0.850866875 0.2489800765625 0.8433783125 0.2325155328125 0.7744824718750001 0.1962106390625 0.7258119859375001 0.202778559375 0.7083450109375 0.226586846875 0.7073989796875 0.2366301578125 0.7194132421874999 0.33131827812500003 0.7588728859375 0.361925278125 0.774144565625 0.3967781125 0.8083559812500001 0.4174413859375 0.8439864453125001 0.42303969375 0.8727174515625 0.41602094999999994 0.8822765499999999 0.40545346875000005 0.88947923125 0.3794960234375 0.8884794890625001 0.3648556390625 0.8697806 0.3562852484375 0.8446015609374999 0.30539245312499996 0.8362917187500001 0.267342125 0.850866875 0.2489800765625
1 0.771166590625 0.7966282546875 0.69847706875 0.594440125 0.56631793125 0.5738147984374999 0.6317491656249999 0.777558509375 0.771166590625 0.7966282546875
1 0.68472445 0.5954719140625 0.743271403125 0.7904664968749999 0.8924506718749999 0.8278661125 0.8158086046875 0.613836334375 0.68472445 0.5954719140625
1 0.9663866249999999 0.8423863703125001 0.97132656875 0.7211514765625 0.9447215437500001 0.632683503125 0.8013537765625 0.6192330078125 0.8665486687499999 0.8178986265624999 0.9663866249999999 0.8423863703125001
1 0.43279120000000004 0.7212507359375 0.3592327609375 0.5247443015625 0.24581964374999998 0.509966171875 0.310203821875 0.6985354859374999 0.43279120000000004 0.7212507359375
1 0.3294084390625 0.69862015625 0.2637346109375 0.5138615578125 0.1388398515625 0.49245345625 0.2166495375 0.6776354140625 0.3294084390625 0.69862015625
1 0.231620875 0.678463171875 0.1580180359375 0.493022975 0.0454307203125 0.48551983125 0.12443500156250001 0.665485140625 0.231620875 0.678463171875
1 0 0.5514797296875 0.037384943749999996 0.642061071875 0.1376723140625 0.6610880609375 0.0739788046875 0.48358454218749997 0 0.475846828125 0 0.5514797296875
1 0.340886753125 0.3443795015625 0.2412837453125 0.11236287656249999 0.1080959359375 0.09578253437499999 0.20239872656250002 0.32814523125 0.340886753125 0.3443795015625
1 0.57018409375 0.3820986921875 0.48856499218750005 0.1479649109375 0.3333978703125 0.12641782031249998 0.42073318437499996 0.362590865625 0.57018409375 0.3820986921875