0 0.315271621875 0.78151819375 0.3374685 0.7334380734375 0.337887915625 0.714957853125 0.328231128125 0.6897831812499999 0.319321103125 0.6817792 0.2344135578125 0.6459135500000001 0.18747846875000002 0.6394447750000001 0.15875653750000002 0.6459697765625 0.12923523125 0.6662561640625 0.10082749687499999 0.716165096875 0.09725004375 0.7664917984375 0.134475734375 0.7787179765625 0.19887721875 0.781009846875 0.2527830828125 0.795087484375 0.261299996875 0.806105646875 0.274874740625 0.8088715109375 0.315271621875 0.78151819375
0 0.21309350624999998 0.862810546875 0.2146922546875 0.8352877812499999 0.2015500796875 0.806308678125 0.137188053125 0.7808177515625 0.10422081875 0.7741006546875 0.0688949171875 0.7854686562500001 0.036553054687499996 0.7848087265625 0.0427266984375 0.9173593656250001 0.14856049843750002 0.9378488624999999 0.16952543281250002 0.929743365625 0.199466153125 0.8909767578125001 0.21309350624999998 0.862810546875
0 0.8314801578125 0.6700964875000001 0.8354112640625001 0.6399546609375 0.8315722234375 0.615965359375 0.782724190625 0.5936354203125 0.7171828312499999 0.5771870406249999 0.689613928125 0.5901355359375 0.6515888609375 0.5916707406249999 0.6208882250000001 0.6209996765625 0.6068677609375001 0.6521800671875 0.6052690125 0.6797028375 0.6315928203125 0.714461984375 0.645167565625 0.71722785 0.6607078625 0.7049227984375 0.741003296875 0.7150944890625001 0.754538584375 0.7410594078125 0.7673402578124999 0.7421206203125 0.7801813906249999 0.719982775 0.8007532140625001 0.714891459375 0.8182459140624999 0.6952485140625 0.8314801578125 0.6700964875000001
0 0.837259909375 0.46550454218750004 0.8019603140625 0.4614065046875 0.7460625921874999 0.4778658171875 0.7219659218750001 0.5023517562500001 0.7024945171875 0.5447986359375 0.7020751015625 0.5632788546875 0.7090327249999999 0.5786207328125 0.7505431765624999 0.5808899578125 0.8230553109375001 0.6049471921875 0.8342976953125 0.610332115625 0.8389229578125 0.6282930515625 0.8637532374999999 0.6287108203125 0.9083511874999999 0.5917303859375 0.9066823578125 0.514127834375 0.897515334375 0.50047426875 0.837259909375 0.46550454218750004
0 0.518673578125 0.2675383453125 0.5692124265625 0.208214384375 0.5789612828124999 0.1792579296875 0.5685445765625 0.144645584375 0.5507245296875001 0.12863762031249998 0.4910009171875 0.1133746140625 0.47315456562499997 0.1128326859375 0.459553515625 0.125532859375 0.4339501671875 0.1234104375 0.40753429218750004 0.14278241875 0.39158773125 0.165834671875 0.391508815625 0.21223278125 0.4093025578125 0.24370678437499999 0.41783262343749994 0.2469919296875 0.439976890625 0.2298438859375 0.48845811875 0.23972196875 0.5070380828125 0.2651676046875 0.518673578125 0.2675383453125
0 0.46073284843750006 0.1164903125 0.4894547796875 0.10996530468750002 0.551117640625 0.1256234375 0.56739155 0.138222096875 0.585237903125 0.1387640234375 0.5980132734375 0.1552912703125 0.61508655625 0.15412854375 0.654749828125 0.10187151718750001 0.662192628125 0.0600680828125 0.654081978125 0.0383027171875 0.543744334375 0.01582134375 0.47826725625 0.01391615625 0.4717399515625 0.03209319375 0.45969819375 0.0404696546875 0.451102365625 0.07584960156250001 0.46073284843750006 0.1164903125
0 0.9823514046874999 0.245977546875 0.9637582859375 0.22826493124999997 0.897823815625 0.2148307359375 0.8496830890625 0.23287054375 0.834169096875 0.22970955625 0.8112649125000001 0.2374199328125 0.7859889109375 0.270948421875 0.7785461109375 0.3127518546875 0.7966935078125 0.3644107296875 0.8048304625 0.3707100578125 0.8156928875 0.3713761453125 0.8320194078125001 0.35304272812500004 0.899500015625 0.36988622968749996 0.9684711921875 0.3696705671875 0.9823514046874999 0.245977546875
0 1 0.1266938296875 0.9682140312499999 0.11777873593749999 0.9220388578125001 0.1207476296875 0.84943465625 0.1508215234375 0.8334749421875 0.18160679375 0.8337891390625 0.22499072187500002 0.8586194171875 0.22540848906250002 0.886188321875 0.212459996875 0.9447589046875 0.22129951406249998 0.97345453125 0.2302405484375 0.9966992171875001 0.250448065625 1 0.246266746875 1 0.1266938296875
1 0.3139379890625 0.3776413390625 0.5103416203125 0.4084920171875 0.5658309140625 0.284114184375 0.38194613906249997 0.250068384375 0.3139379890625 0.3776413390625
1 0.5253200328125 0.384043634375 0.3243271546875 0.34963886718750004 0.2478700953125 0.4778855484375 0.45368634218750004 0.52004463125 0.5253200328125 0.384043634375
1 0.46161447187500004 0.491540821875 0.26210740625 0.452200534375 0.1877616734375 0.5916436046875 0.3847260734375 0.629090146875 0.46161447187500004 0.491540821875