0 0.36328125 0.6023649453125001 0.3115234375 0.5611070734375 0.2568359375 0.5545058140625 0.2421875 0.5792605390625 0.234375 0.622168725 0.234375 0.6485737640625 0.248046875 0.671678175 0.26953125 0.81360525625 0.267578125 0.88951974375 0.2919921875 0.930777615625 0.3349609375 0.9406795062500001 0.3671875 0.9390291906250001 0.373046875 0.9324279296875 0.392578125 0.8631147046875001 0.396484375 0.807003996875 0.36328125 0.6023649453125001
0 0.4267578125 0.6865310078125 0.4072265625 0.67662911875 0.3798828125 0.683230378125 0.3984375 0.820206515625 0.392578125 0.8664153328124999 0.3984375 0.9159247828125 0.4052734375 0.9241763562499999 0.46875 0.9225260421874999 0.48046875 0.9060228921875 0.484375 0.869715965625 0.4609375 0.74429203125 0.4267578125 0.6865310078125
0 0.982421875 0.4637384921875 0.9423828125 0.419179990625 0.8974609375 0.4059774703125 0.8154296875 0.41257873125 0.802734375 0.43733345312500005 0.802734375 0.473640384375 0.8125 0.5066466828125 0.8408203125 0.5413032953125 0.8837890625 0.534702034375 0.9404296875 0.544603925 0.9482421875 0.5611070734375 0.958984375 0.559456759375 0.9658203125 0.5479045546875 0.9912109375 0.5413032953125 0.994140625 0.5066466828125 0.982421875 0.4637384921875
0 1 0.57595990625 0.9775390625 0.564407703125 0.9033203125 0.564407703125 0.88671875 0.5924630578125 0.888671875 0.62546935625 0.9150390625 0.6865310078125 0.9267578125 0.6931322671875 0.9326171875 0.7096354171875 0.947265625 0.7145863609374999 0.9560546875 0.70303415625 1 0.7112857328125 1 0.57595990625
1 0.0376659421875 0.1712187578125 0.2550968171875 0.1942291140625 0.232332890625 0.0454277265625 0.0183011484375 0.0109644265625 0.0376659421875 0.1712187578125
1 0.0549922890625 0.297009921875 0.2822736453125 0.3331962953125 0.25679367656249996 0.1574334515625 0.0397043078125 0.135032253125 0.0549922890625 0.297009921875
1 0.0213587765625 0.955066790625 0.15996979375 0.9619594109375 0.1151250328125 0.6122849578125 0.0060707953125 0.5914789359375 0.0040323515625 0.791366115625 0.0213587765625 0.955066790625
1 0.2771776515625 0.958513134375 0.2181447265625 0.6184323875 0.0906642453125 0.6104337906249999 0.138566634375 0.9533435859375 0.2771776515625 0.958513134375
1 0.6053596234375 0.9757447171875 0.534148803125 0.6550387609375 0.41884629531249995 0.6397276078125 0.4810174046875 0.9791911265625 0.6053596234375 0.9757447171875
1 0.71339475625 0.9843605421875001 0.6258919234375 0.657192078125 0.508535740625 0.6311117828125 0.5870140921875 0.9791911265625 0.71339475625 0.9843605421875001
1 0.813276265625 0.9878069515625001 0.727828721875 0.6744186062499999 0.6063788078125001 0.6517897109375 0.6909724140625 0.9860838140625001 0.813276265625 0.9878069515625001
1 0.9111192546875 0.9912532281249999 0.8182976312499999 0.676571921875 0.7042218734375 0.6690213609375 0.7918730296875001 1 0.9111192546875 0.9912532281249999
1 0.9753288078125 0.980914265625 0.8858307609375 0.7067183484374999 0.80104575625 0.6931456984375 0.9029656328125 0.9964227765624999 0.9753288078125 0.980914265625
1 0.8642362046875001 0.11256710624999999 0.7042218734375 0.0832732890625 0.7419323515625 0.22112649062499998 0.90398489375 0.2504203078125 0.8642362046875001 0.11256710624999999
1 0.772426071875 0.35357450625000003 0.9406761124999999 0.37621133906250004 0.8917545406249999 0.2159570078125 0.7398938296875001 0.2090643875 0.772426071875 0.35357450625000003
1 0.4194699046875 0.351421190625 0.614532428125 0.3779345453125 0.57580284375 0.2159570078125 0.3852127046875 0.186663190625 0.4194699046875 0.351421190625
1 0.5523613187499999 0.098845815625 0.358713553125 0.060936171875 0.384193521875 0.216021021875 0.5798796546875 0.2556538046875 0.5523613187499999 0.098845815625