0 0.83766864375 0.45846445312500006 0.8761546390625 0.4268788640625 0.8940372406250001 0.363875925 0.8828592140625 0.275903390625 0.8731723359375 0.267580190625 0.8339407671875 0.25934111249999997 0.7528848171875 0.267280303125 0.7194954203124999 0.2860040296875 0.6953756015625 0.3111250375 0.7088404171875 0.327788259375 0.721776659375 0.3874916140625 0.7369267546875 0.4488194 0.822467871875 0.4610772015625 0.83766864375 0.45846445312500006
0 0.445310640625 0.3042964015625 0.441182171875 0.2670508359375 0.39617519218749997 0.204869321875 0.37341854531249996 0.1908020265625 0.31773430937499997 0.1793979515625 0.2569089640625 0.198842159375 0.28596959375000003 0.22381175625 0.29519466250000004 0.24819545937499998 0.2827146796875 0.3452285 0.29024830156250003 0.370901753125 0.31766199375 0.37917448125000003 0.377357946875 0.38732657812500004 0.42679290625000005 0.3623322046875 0.445310640625 0.3042964015625
0 0.29343645 0.276464640625 0.281752103125 0.222539028125 0.2270137375 0.1700207359375 0.16711201250000002 0.157343934375 0.114743903125 0.1703403890625 0.0889103828125 0.20574415781250002 0.103649346875 0.2191919140625 0.11788199218749999 0.26668659375 0.12075856874999999 0.298154415625 0.1067874359375 0.31553811718749997 0.1404605984375 0.352699565625 0.16870888906249998 0.364824121875 0.24216445000000003 0.3581913046875 0.2801886375 0.342666221875 0.29343645 0.276464640625
0 0.5826517734375 0.747139009375 0.63082464375 0.7238766203125 0.6360102624999999 0.6750419171875001 0.6593622515625001 0.6190894499999999 0.6527299921874999 0.5702883953125 0.5979026046875 0.5537429406250001 0.5823290453125 0.5364433562500001 0.5468976671875 0.5275510890625 0.486511875 0.539928003125 0.4442256890625 0.5721667781249999 0.44334658281249995 0.5863013703125 0.4673551265625 0.606146409375 0.4735700875 0.6530215484374999 0.4751947703125 0.6787116265625001 0.4578407390625 0.69867443125 0.45907037968750003 0.7134453859375001 0.47594034374999994 0.7185362953125 0.49656599218749997 0.740960434375 0.5404323515625 0.7523981562500001 0.5826517734375 0.747139009375
0 0.7905217765625 0.6604699093749999 0.7876451984374999 0.6290020875 0.7561252890625 0.574490584375 0.7156418265625 0.5604737609375 0.67300510625 0.56380699375 0.6569474828125 0.5715611218750001 0.66103144375 0.6267931078125 0.63981045625 0.67438873125 0.6397214375 0.71036156875 0.61981910625 0.73675530625 0.6315702203125 0.7637012875 0.68007136875 0.7783376515625 0.737074265625 0.768539840625 0.7628632734374999 0.751122490625 0.7905217765625 0.6604699093749999
1 0.508612059375 0.21021155 0.5453318078125 0.41923477656249997 0.7123707640625 0.44554599687499996 0.66991614375 0.2189542359375 0.508612059375 0.21021155
1 0.38312076875 0.4063066234375 0.56131304375 0.41388299687499996 0.53741066875 0.21654929531249997 0.3779248625 0.187140428125 0.38312076875 0.4063066234375
1 0.23961251562500002 0.5429819578124999 0.24557916875000002 0.792022434375 0.44334164062500003 0.815277225 0.428264134375 0.55136536875 0.23961251562500002 0.5429819578124999
1 0.28570550781250004 0.79467653125 0.2707708 0.5358898453125 0.065271259375 0.5130365390625 0.08607730625 0.7876708140625001 0.28570550781250004 0.79467653125
1 0.7381559328125 0.58927023125 0.7402531375 0.8441854953125001 0.9083942125 0.846067428125 0.878138246875 0.6103605453125 0.7381559328125 0.58927023125
1 1 0.617829665625 0.8514548874999999 0.6140786796875 0.888859775 0.8420863171875 1 0.854544403125 1 0.617829665625