1 0.1435220421875 0.674328090625 0.25088609375000004 0.6663061015625 0.23704789375000002 0.600880271875 0.1260376015625 0.6019423984375 0.1435220421875 0.674328090625
1 0.131084140625 0.612294 0.24148007031250002 0.613823590625 0.22331012499999997 0.547527853125 0.115864575 0.5468515109375 0.131084140625 0.612294
1 0.116668675 0.5546584765625 0.2251653703125 0.5565089515625 0.20643879062499998 0.49434836875 0.098949515625 0.4898521359375 0.116668675 0.5546584765625
1 0.095981140625 0.33243907031250003 0.141607571875 0.3371145859375 0.1588391296875 0.35058991875 0.14670543281249998 0.29863658125 0.09555050937500001 0.2947254703125 0.0444693234375 0.28369954218750004 0.06113746875 0.33966322656250003 0.095981140625 0.33243907031250003
1 0.20048949375 0.12579420937500002 0.225996459375 0.2041742234375 0.26916663125 0.21010093593749998 0.24488608125 0.1343046015625 0.20048949375 0.12579420937500002
1 0.2381605671875 0.13366448749999998 0.2633727671875 0.21076304375000002 0.307669153125 0.2205200390625 0.2822364953125 0.14308310625 0.2381605671875 0.13366448749999998
1 0.2759240203125 0.1438019890625 0.2998208390625 0.218379896875 0.3430701953125 0.22624995937499998 0.3156379046875 0.1516859140625 0.2759240203125 0.1438019890625
1 0.3119013578125 0.15177090937499998 0.3377866578125 0.227531634375 0.37865599843750003 0.23651426406249998 0.35055181874999997 0.1602006265625 0.3119013578125 0.15177090937499998
1 0.41285350468750004 0.1807847546875 0.43823290000000004 0.25008180156250004 0.472344953125 0.25393883906250003 0.44744502500000005 0.18660759531249999 0.41285350468750004 0.1807847546875
1 0.734776628125 0.3420815453125 0.7688930843749999 0.3400944890625 0.756455221875 0.3138506453125 0.7196519359375 0.310172103125 0.734776628125 0.3420815453125
1 0.76769639375 0.4119134 0.8024551515624999 0.41378481875000006 0.7866710015625 0.3782199890625 0.7513267078125 0.3732586640625 0.76769639375 0.4119134
1 0.8020812015625 0.4105600296875 0.7641769671875001 0.4088718125 0.777845496875 0.44670990312500003 0.8217376421875 0.45001511406250005 0.8020812015625 0.4105600296875
1 0.8202150140625 0.4448914640625 0.77717681875 0.442203646875 0.7952930125 0.4820552796875 0.838938321875 0.4817858453125 0.8202150140625 0.4448914640625
1 0.8406807125 0.5882654328125 0.8426955906250001 0.5900960296875 0.8621139718749999 0.6321444453125 0.9088695859374999 0.6248760125 0.8910515296874999 0.5883789828125 0.8406807125 0.5882654328125
1 0.6915477640625001 0.48958645624999997 0.7239748078125 0.5711346374999999 0.7602249 0.5738931671875 0.7246890140625 0.49420911875 0.6915477640625001 0.48958645624999997
1 0.73199909375 0.571641259375 0.6951507796875 0.48872727656250003 0.664079 0.48759673281250004 0.701177709375 0.5711637984375 0.73199909375 0.571641259375
1 0.2845279875 0.44359461875 0.3181867609375 0.54942038125 0.3636577984375 0.5522911421875001 0.3320274484375 0.44973273750000003 0.2845279875 0.44359461875
1 0.255218403125 0.6665836921875 0.28763659375 0.77767619375 0.325839978125 0.7748017953125 0.29306108750000004 0.6617495234375 0.255218403125 0.6665836921875
1 0.49664723750000006 0.6654258609375 0.53021806875 0.7631402828125 0.5721740625 0.757125403125 0.5369151515625 0.6633689687500001 0.49664723750000006 0.6654258609375
1 0.5337332390625 0.6648891328125 0.568918584375 0.7605615828125 0.6090576796875 0.7575744421875 0.57265975625 0.662504184375 0.5337332390625 0.6648891328125
1 0.5669214390625 0.6639301093750001 0.603127440625 0.7608417578125 0.6422722765625 0.7572631984375 0.60445535625 0.6614637015625 0.5669214390625 0.6639301093750001
1 0.6023796734375 0.665111471875 0.6384009093749999 0.7574886796875 0.675165740625 0.75502271875 0.639358425 0.6622707343750001 0.6023796734375 0.665111471875
1 0.72690978125 0.6653260125 0.7594688015625 0.7501131078125 0.79336969375 0.7487879093750001 0.759797690625 0.6637756609375 0.72690978125 0.6653260125
1 0.7564817875000001 0.6649022718750001 0.7905189453125 0.7502525796875 0.8219210453124999 0.7471249828125 0.7840802375 0.6643898671875 0.7564817875000001 0.6649022718750001
1 0.7801806765625 0.66645321875 0.81741745625 0.750449021875 0.8457571078124999 0.7460716984375 0.8105903671875 0.66329881875 0.7801806765625 0.66645321875
1 0.8058304546875 0.6660499843750001 0.8395016953125 0.74752671875 0.8705607671875001 0.7448997390625001 0.8361491734375001 0.6655583234375 0.8058304546875 0.6660499843750001
1 0.833309196875 0.665540215625 0.8654692296875 0.744923596875 0.896424853125 0.7447566906249999 0.8602991484375 0.6644924875 0.833309196875 0.665540215625
1 0.8590824546875 0.6678565171875 0.892938453125 0.7438690343750001 0.919412184375 0.743690478125 0.8835575234374999 0.6665452375 0.8590824546875 0.6678565171875
0 0.44809055000000003 0.4506401875 0.4342057125 0.44621000312500003 0.417976834375 0.45632327500000003 0.4187222046875 0.4746159578125 0.42955264375 0.500179578125 0.43441722499999996 0.5234712296875 0.44265565156250003 0.533469165625 0.4671229546875 0.533353828125 0.4716330828125 0.5239230953125 0.471100675 0.51085689375 0.4615844734375 0.4695000734375 0.44809055000000003 0.4506401875
0 0.382075215625 0.4400782109375 0.36911369843749997 0.4342845265625 0.35544182343749997 0.4350808234375 0.33757926562499996 0.4531475734375 0.337898709375 0.46098729531249993 0.3503628296875 0.4785974390625 0.3558663 0.51756853125 0.36605785 0.527452709375 0.394324921875 0.52449661875 0.39883505 0.5150658875 0.39840912500000003 0.504612925 0.39301213437500004 0.468255071875 0.382075215625 0.4400782109375
0 0.4995106890625 0.46336195937499997 0.4912007921875 0.47563344687500003 0.4915202359375 0.4834731671875 0.49986514375 0.4960843421875 0.5050491703125 0.5272157140625 0.5182236484375 0.538235878125 0.5251128265625 0.53914435 0.5339551296875 0.5399390656249999 0.5423715078125 0.5302808203125 0.5387146796875 0.48858273125 0.5290205265625 0.46688209062499997 0.4995106890625 0.46336195937499997
0 0.5602705265625 0.46506198593750003 0.5518541484374999 0.47472023124999996 0.5521735921875 0.482559953125 0.5718813453125 0.5338009515625 0.5790899671874999 0.5425491453125 0.5898853953125001 0.5432301046875 0.6026339484375 0.5437973078125 0.6128969703125 0.5314120640625 0.5991550734375 0.48244303593750004 0.5896738828125 0.465968878125 0.5602705265625 0.46506198593750003
0 0.6170176328125 0.4643762859375 0.6052988828125 0.465058825 0.5967760234374999 0.47210382968750003 0.5969889859374999 0.4773303109375 0.6063987078124999 0.516073890625 0.6145306515625 0.5234585875 0.6131099328125 0.5366385453125 0.6211353953125001 0.5414100000000001 0.6376837171874999 0.5391364484375 0.6423003265625 0.5323189562499999 0.6367968562499999 0.4933478625 0.6250430953125 0.46914773906249996 0.6170176328125 0.4643762859375
0 0.6425147390625 0.46551069062500006 0.6306895078125 0.463579990625 0.6282389859374999 0.47551020624999996 0.639069425 0.501073828125 0.6405601640625 0.5376591937499999 0.6485856265625001 0.5424306484375 0.6631808234375 0.540270853125 0.6677974328125 0.5334533609375 0.6646730125 0.5048214734375 0.6579617875 0.48425682031250006 0.6425147390625 0.46551069062500006
0 0.3435407734375 0.6715237828125 0.3334557046875 0.66425284375 0.3178307046875 0.665162896875 0.3056145578125 0.677661896875 0.306253446875 0.6933413390625 0.3190370109375 0.7187912046875 0.326387125 0.7550353000000001 0.33554887187500004 0.7636697359375 0.34243805 0.764578209375 0.364952228125 0.764576628125 0.377168375 0.7520776296875 0.3718778671875 0.7183330171875 0.365273121875 0.7003816046875 0.3435407734375 0.6715237828125
0 0.404016178125 0.6902667515625 0.3864030421875 0.6664078984375 0.3666588296875 0.6623189828125 0.3543362015625 0.6722047421874999 0.354655646875 0.6800444640625 0.3716649046875 0.7131065359375001 0.3773813375 0.7573041109374999 0.39137265625 0.7643475343749999 0.40412120937499996 0.7649147375 0.41829048125 0.7523019828125 0.41981768124999996 0.7417352625 0.41474013593750003 0.7132171328125 0.404016178125 0.6902667515625
0 0.43544412968749996 0.6687904640625 0.42535906093750003 0.661519525 0.40192156093750003 0.6628846046875 0.3935051828125 0.6725428515625 0.41474013593750003 0.7132171328125 0.420137125 0.7495749843749999 0.43135847812500006 0.7607089046875 0.44698347812500006 0.7597988531250001 0.4500728890625 0.763548078125 0.46271495937499996 0.761502040625 0.46885876875 0.7441178296875 0.46843284374999994 0.73366486875 0.45305726562500004 0.69264931875 0.43544412968749996 0.6687904640625
0 0.48040101562500004 0.6910567265625 0.475962359375 0.6782180359375001 0.46680061093749997 0.6695836 0.44130350468749996 0.6684491953125 0.44069962812499996 0.6776524140625 0.45511687187499994 0.6951488015625 0.455436315625 0.7029885218749999 0.47059893124999996 0.7387775921874999 0.4638512453125 0.7653650234375 0.47301299218750004 0.7739994593749999 0.4877146703125 0.7744529046874999 0.5003567421875 0.7724068671875 0.5068199953125 0.762862378125 0.5016359687499999 0.7317310078125 0.4906990484375 0.7035541453125 0.48040101562500004 0.6910567265625
0 0.7357980046875 0.7128537359375 0.724861084375 0.6846768734374999 0.7032352171875 0.6584322953124999 0.6932566296875 0.6537745968750001 0.6834910046875 0.6543433796875 0.67610443125 0.6652513671875 0.6680789671875 0.6604799125 0.6544070921875 0.661276209375 0.645990715625 0.6709344546875 0.646416640625 0.6813874171875 0.6634258984375 0.7144494890625 0.67024360625 0.737627384375 0.68043515625 0.7475115609375 0.702949334375 0.74750998125 0.710548871875 0.7418284734375 0.732139728125 0.7431903921874999 0.73860298125 0.733645903125 0.7357980046875 0.7128537359375
0 0.7032352171875 0.6584322953124999 0.6815378796875 0.6544571359375 0.675074628125 0.664001625 0.6998963859375 0.696608671875 0.7154849249999999 0.742850703125 0.732139728125 0.7431903921874999 0.7387094624999999 0.73625914375 0.7335254359375 0.705127771875 0.724861084375 0.6846768734374999 0.7032352171875 0.6584322953124999
0 0.8879302421874999 0.6267194968750001 0.8794073828125001 0.6337645015625 0.881999396875 0.6493301890625001 0.891267625 0.660577865625 0.9059693031249999 0.6610313109375 0.938142625 0.6578477078125 0.9424397890625 0.6431904937499999 0.9329585984375001 0.6267163359375 0.9211333671874999 0.624785634375 0.8879302421874999 0.6267194968750001
0 0.8826761937500001 0.5458228 0.8435072124999999 0.545484690625 0.837043959375 0.5550291796875 0.8413761359375 0.565254628125 0.8506443640624999 0.57650230625 0.8575335421875 0.577410778125 0.8937195953125 0.5766129015625 0.9003958109375001 0.5722948921875 0.9000763671875 0.5644551718749999 0.8907016562500001 0.5505942546875 0.8826761937500001 0.5458228
0 0.748835340625 0.480273759375 0.737116590625 0.4809562984375 0.7287002124999999 0.49061454375 0.7291261375 0.50106750625 0.7439693078125 0.5290168546875 0.7442887515625001 0.5368565765625 0.758493034375 0.54912648125 0.77113510625 0.54708044375 0.775751715625 0.54026295 0.7724143328124999 0.5064045828125 0.760873534375 0.48743094062500003 0.748835340625 0.480273759375
0 0.8479823296875001 0.511171296875 0.8296938453125 0.5187850843749999 0.8279536828125 0.5241253218749999 0.83949448125 0.5430989640624999 0.852243034375 0.543666165625 0.8825697124999999 0.5432095593749999 0.885020234375 0.53127934375 0.8735859171874999 0.514918940625 0.8676200609375 0.5126469703125001 0.8479823296875001 0.511171296875
0 0.8115483031249999 0.481860028125 0.80693169375 0.488677521875 0.8205320984375 0.510150646875 0.8371869015625 0.5104903375000001 0.8636073296875001 0.51026124375 0.86605785 0.49833102656249995 0.856683140625 0.484470109375 0.836832446875 0.477767953125 0.8115483031249999 0.481860028125
0 0.7587103453124999 0.3382487234375 0.7490512015624999 0.341430746875 0.7444345921875 0.3482482390625 0.7447540359375 0.3560879609375 0.754022265625 0.3673356375 0.78065565625 0.372333025 0.803063353125 0.3697182046875 0.8055138749999999 0.35778798749999996 0.7940795578125 0.3414275859375 0.7881137015624999 0.339155615625 0.7587103453124999 0.3382487234375
0 0.522988996875 0.19874055625 0.5117676421875 0.1876066359375 0.49429599843750005 0.19124368593750002 0.494224528125 0.21351310781250002 0.49930207343750005 0.2420312390625 0.510523428125 0.25316516093749997 0.52327198125 0.2537323625 0.528208034375 0.25475459218749996 0.5327181609375 0.24532385781250002 0.527747096875 0.21941896718749998 0.529487259375 0.21407872968750002 0.522988996875 0.19874055625
0 0.4761854671875 0.17920129375 0.4548075734375 0.1830658546875 0.4504039265625 0.19510982968749999 0.461021403125 0.2154469703125 0.4636134171875 0.23101265468749999 0.4709285203125 0.2423740890625 0.47586457343750005 0.2433963171875 0.4905662515625 0.2438497640625 0.49528934218750004 0.23964551093750003 0.491738996875 0.2005606609375 0.4874068203125 0.1903352140625 0.4761854671875 0.17920129375
0 0.6715650890625 0.361660453125 0.67074825 0.3656371921875 0.6834253312499999 0.388473815625 0.6817916515625 0.39642729375 0.6919832015625 0.40631147187499994 0.6978425765625 0.40597020156249997 0.6973101703125 0.39290400000000003 0.69081190625 0.377565828125 0.6793775890625 0.3612054265625 0.6715650890625 0.361660453125
0 0.6395697203124999 0.34518787500000003 0.6239447203124999 0.346097928125 0.6163451828125 0.351779434375 0.6138946609375 0.3637096515625 0.628205425 0.37859279687499997 0.6419123109375 0.40267916406250004 0.6509675765625 0.40870035937500004 0.6891067546875 0.4077887265625 0.6894976703125 0.3933590265625 0.68331885 0.38586057500000004 0.6806203562500001 0.3676816484375 0.6395697203124999 0.34518787500000003
1 0.6109742546875 0.347269003125 0.5862182890625001 0.3525073390625 0.59869448125 0.36965345312500003 0.609324165625 0.3996537046875 0.625371125 0.4035399234375 0.631035228125 0.39697129375 0.6109742546875 0.347269003125
0 0.5786319296875 0.36314402968750004 0.590385690625 0.38734415312500003 0.598198190625 0.38688912656249996 0.6053003312499999 0.393024078125 0.612189509375 0.39393255 0.6147465125 0.384615575 0.6013590718749999 0.3683689296875 0.5853081453125 0.3588260203125 0.5786319296875 0.36314402968750004
0 0.5398538640625 0.3483762203125 0.5391435046875 0.3549661984375 0.5620121375 0.38768700312500004 0.582573190625 0.387799178125 0.58513019375 0.3784822015625 0.5593851140625 0.34723865468750004 0.5474534015625 0.3426947125 0.5398538640625 0.3483762203125
0 0.546174175 0.38337057343750003 0.5468130625 0.399050015625 0.5570046140625 0.4089341953125 0.5665572765625 0.40313893125 0.56407174375 0.3901864859375 0.5524244640625 0.3685996046875 0.5362670578125 0.356443453125 0.546174175 0.38337057343750003
0 0.5238029375 0.338833309375 0.49191405 0.3249739734375 0.47628905 0.325884025 0.46982579687500003 0.335428515625 0.49290739375000003 0.3733758 0.4956058875 0.3915547265625 0.500754903125 0.397803434375 0.510307565625 0.39200817187500003 0.533745065625 0.39064309375 0.5447534562499999 0.39655053125 0.5486597062499999 0.39632301875 0.54823378125 0.3858700578125 0.5396759109375 0.3680324015625 0.5389361296875 0.3635041671875 0.5238029375 0.338833309375
0 0.44340536875 0.335657609375 0.44074188437500006 0.34236134375 0.46123146718749997 0.36474294218750003 0.46772973125000006 0.380081115625 0.46858158124999993 0.4009870390625 0.47568372343750004 0.40712199218749995 0.4845260265625 0.4079167078125 0.49727457968750005 0.4084839109375 0.49993806249999995 0.40178017343750005 0.48651561093750006 0.3606508671875 0.46098349375 0.3346338 0.44340536875 0.335657609375
0 0.41822770625 0.342362925 0.41545774062499996 0.3464534203125 0.42802834218749997 0.3666768046875 0.43062035625000006 0.38224249062500004 0.443475390625 0.3854229328125 0.44905033124999993 0.40212460468750005 0.467658259375 0.4023505375 0.47042822500000003 0.398260040625 0.4632910734375 0.3672424265625 0.43971208125 0.34111160156250003 0.41822770625 0.342362925
0 0.38193517187500003 0.34054756249999996 0.3824675796875 0.3536137640625 0.3922682140625 0.37792764375 0.41364610781250005 0.3740630796875 0.42270137500000005 0.3800842765625 0.43051387500000005 0.3796292515625 0.42792186093750006 0.36406356406249996 0.40824911875 0.33770522812500003 0.38655178125 0.33373006875 0.38193517187500003 0.34054756249999996
0 0.3186547921875 0.3010124265625 0.2989105796875 0.2969235109375 0.2944004515625 0.3063542453125 0.307396978125 0.337030590625 0.3126874859375 0.3707752015625 0.3188663046875 0.37827365468749996 0.3257554828125 0.3791821265625 0.3312954140625 0.37100113437500004 0.3418778796875 0.36645561249999997 0.344506353125 0.334869215625 0.3186547921875 0.3010124265625
0 0.35217736093749996 0.30691828593750003 0.3327525921875 0.3106690921875 0.3320422328125 0.317259071875 0.34677892187500003 0.34259517968750003 0.34947741718750003 0.36077410625 0.3594560046875 0.365431803125 0.3628648578125 0.37702075156250003 0.3814727859375 0.37724668437500003 0.3892852859375 0.3767916578125 0.38268054218750003 0.35884024531250003 0.383994778125 0.34304704531249997 0.3602028234375 0.311689740625 0.35217736093749996 0.30691828593750003
0 0.27320050937499996 0.2905626265625 0.26148175937499996 0.291245165625 0.253882221875 0.296926671875 0.2515381828125 0.3114701296875 0.266594315625 0.34464595937500003 0.2691863296875 0.3602116453125 0.2930497546875 0.3692995265625 0.3077514328125 0.3697529734375 0.31236804218750003 0.36293548124999997 0.2986261453125 0.31396645156249997 0.2852387046875 0.29771980781249996 0.27320050937499996 0.2905626265625
0 0.369545421875 0.156598503125 0.35917591875 0.16637050625 0.35775520156249996 0.17955046562500002 0.3661001078125 0.19216164062500002 0.375083903125 0.22045225937500001 0.387228578125 0.23022268124999998 0.4038833828125 0.23056237031250001 0.410346634375 0.22101788125000002 0.4050561265625 0.18727326875 0.38918315312499996 0.158074178125 0.369545421875 0.156598503125
0 0.17600954375 0.115481840625 0.16397135000000002 0.1083246578125 0.14834635000000002 0.10923471093749999 0.143623259375 0.1134389625 0.1441556671875 0.1265051640625 0.15583795625000002 0.17297470937499998 0.1633660234375 0.18956262343750002 0.1822933953125 0.19762827656249998 0.1949354671875 0.19558224062500001 0.1995520765625 0.188764746875 0.196321175 0.15751961875 0.1873373796875 0.1292290015625 0.17600954375 0.115481840625
0 0.129631940625 0.1063955375 0.1241634796875 0.09230710625 0.1100656796875 0.082650440625 0.0962873234375 0.080833496875 0.0860243015625 0.0932187390625 0.086450228125 0.10367170156250001 0.10821758749999999 0.15741218437499999 0.1223153875 0.16706885 0.142876440625 0.167181025 0.14564640625 0.16309052968749999 0.14685416093749998 0.144684090625 0.139929971875 0.1188929578125 0.129631940625 0.1063955375
0 0.1334166 0.3358076640625 0.1039067625 0.33228753125 0.0824223875 0.333538853125 0.070099759375 0.3434246140625 0.0707386484375 0.35910405624999997 0.0750708234375 0.369329503125 0.0901984265625 0.3802359125 0.14222244374999998 0.3837544625 0.15877076406249999 0.38148091093750003 0.1652340171875 0.3719364234375 0.1648080921875 0.3614834609375 0.14936104375 0.34273733125 0.1334166 0.3358076640625
0 0.167871803125 0.3962361296875 0.1518208765625 0.38669322031250003 0.12025143281249999 0.3806736046875 0.0909545578125 0.382379953125 0.0787384109375 0.394878953125 0.0791643375 0.40533191406249997 0.0815433875 0.4156711203125 0.0978072765625 0.430440509375 0.11435559843750001 0.42816695937500004 0.12575490312499998 0.419644696875 0.172842865625 0.4221410203125 0.1752933875 0.41021080468750004 0.167871803125 0.3962361296875
0 0.1944337234375 0.4235029390625 0.13161427812499998 0.419303428125 0.10295629218749999 0.4366892203125 0.0984461640625 0.4461199515625 0.103310746875 0.469411603125 0.11268545625 0.4832725203125 0.16151358124999998 0.48042860625 0.1940063484375 0.48508472343750003 0.2008955265625 0.485993196875 0.21229483125 0.477470934375 0.21680495937500002 0.468040203125 0.21410646562500002 0.4498612765625 0.1944337234375 0.4235029390625
1 0.13195792343749999 0.250692796875 0.027543001562500002 0.2355732375 0.048234607812500004 0.29317342343749997 0.15048689375 0.3018702875 0.13195792343749999 0.250692796875
1 0.51001918125 0.7647348796875 0.5382249 0.7642727093749999 0.50220975625 0.6635952421875 0.466222859375 0.66397730625 0.48111764843750005 0.683181134375 0.49107681249999996 0.7003110859375 0.5038357312499999 0.7320363078125001 0.51001918125 0.7647348796875
1 0.5836751453125 0.5608163515625 0.551070328125 0.47045855937500003 0.53282146875 0.4669670078125 0.520355890625 0.46874533281249997 0.5382838375000001 0.5428281875 0.5450150921875 0.562539028125 0.5836751453125 0.5608163515625
1 0.4846159046875 0.4644128546875 0.4553364796875 0.46194228906249996 0.468132334375 0.537920671875 0.47181693124999996 0.560454034375 0.5159537453125 0.5573543437499999 0.4846159046875 0.4644128546875
1 0.4122195640625 0.45805214687499995 0.38395052343749997 0.45479158281250004 0.391167475 0.4781353234375 0.40626117500000003 0.5506462937500001 0.4469560640625 0.557405721875 0.4122195640625 0.45805214687499995
1 0.670501309375 0.5722737625 0.70650900625 0.573350703125 0.6687523890625 0.48475899218749996 0.6582360296875 0.4846413015625 0.666522834375 0.5037324875 0.668630375 0.52635774375 0.66035781875 0.5464134015625 0.670501309375 0.5722737625
1 0.7326416234375001 0.7464730171875 0.7305491078124999 0.7532935640625 0.766546865625 0.751196934375 0.7327029406250001 0.664529028125 0.7124858546875 0.6655001625 0.7252892937500001 0.6823825296875 0.7355893421874999 0.708929834375 0.7398316359375 0.73547740625 0.7326416234375001 0.7464730171875
1 0.40615713593749997 0.2465138421875 0.44213885468749997 0.252696046875 0.419407575 0.1785505328125 0.40188852031250005 0.1754805140625 0.41197759375 0.20386555 0.4119464 0.21996329218750002 0.4042253265625 0.232829853125 0.40615713593749997 0.2465138421875
1 0.1823963375 0.11744240624999999 0.19768254375 0.1974915796875 0.23133988125 0.20564870468750002 0.20842372187499997 0.1236009625 0.1823963375 0.11744240624999999
1 0.032760962500000004 0.2403010625 0.1366665640625 0.2583535234375 0.1227677140625 0.2084022734375 0.0182434421875 0.18556499531249998 0.032760962500000004 0.2403010625
1 0.016990714062500002 0.19641399531249998 0.1217301921875 0.2141342953125 0.114002778125 0.175576759375 0.009071032812500001 0.1580248359375 0.016990714062500002 0.19641399531249998