1 0.8987300093749999 0.607840703125 0.7879393703125 0.6132313968750001 0.7767935203125 0.6793063984375001 0.8842294734375 0.6810709562499999 0.8987300093749999 0.607840703125
1 0.9066394828125001 0.5522891421875 0.7994758171874999 0.55920705625 0.7840438390625 0.6264016046875 0.894116215625 0.618461028125 0.9066394828125001 0.5522891421875
1 0.921197446875 0.4944418625 0.8141454390625 0.5051731640625 0.7979900484375 0.568274690625 0.9061546437500001 0.560124346875 0.921197446875 0.4944418625
1 0.9671684640624999 0.2856117609375 0.9166564265625 0.29957968125 0.8657816078125 0.3064539125 0.8557885625000001 0.35898927812500003 0.8724315453125 0.3445446015625 0.9177598890625 0.3372290109375 0.9528147296875 0.34241145624999997 0.9671684640624999 0.2856117609375
1 0.7611532515625 0.14821584062499998 0.740011340625 0.22524355156250003 0.782838378125 0.21682244687500002 0.8050987734374999 0.1371459125 0.7611532515625 0.14821584062499998
1 0.7242481187500001 0.159143825 0.70202351875 0.23787519218750003 0.7458184015625 0.2255674359375 0.767836821875 0.147186453125 0.7242481187500001 0.159143825
1 0.6912754984375 0.16966706874999998 0.666939215625 0.24564854062500002 0.709766253125 0.23528408750000002 0.7305748703125 0.159494215625 0.6912754984375 0.16966706874999998
1 0.6567903734375 0.1801903109375 0.6318549140624999 0.2579562734375 0.67226234375 0.2466201796875 0.695006653125 0.1695347484375 0.6567903734375 0.1801903109375
1 0.561200028125 0.2121647828125 0.5390960953125 0.28078343437500003 0.57297059375 0.2749534328125 0.595472946875 0.204345771875 0.561200028125 0.2121647828125
1 0.2946605453125 0.3512534484375 0.2580939296875 0.357061753125 0.24675233749999997 0.38396616875 0.28086879374999996 0.38396616875 0.2946605453125 0.3512534484375
1 0.2656252609375 0.416031121875 0.23056632968750002 0.423034396875 0.21626527499999998 0.45943216875 0.2508656625 0.45554550625 0.2656252609375 0.416031121875
1 0.19850121406250001 0.496697103125 0.24215508125000001 0.49084934375 0.25425311562499997 0.45230662187500004 0.21650724999999998 0.4561932859375 0.19850121406250001 0.496697103125
1 0.1826327515625 0.529392065625 0.226185678125 0.52712483125 0.24263899531250002 0.4863149015625 0.1998119578125 0.49149711093750004 0.1826327515625 0.529392065625
1 0.18328723125 0.63766413125 0.18522292499999998 0.63572079375 0.1349759828125 0.63876089375 0.11868373125000001 0.6762068390625 0.1656241109375 0.6807413062500001 0.18328723125 0.63766413125
1 0.297116571875 0.5351474171875 0.2649040109375 0.6167076328125 0.300956140625 0.61184930625 0.32999144375 0.5286100109375 0.297116571875 0.5351474171875
1 0.32370045 0.6105537609375 0.35731428906249996 0.5250289125000001 0.3263620328125 0.5279622203125001 0.2929714484375 0.6128209828125 0.32370045 0.6105537609375
1 0.6870404828125001 0.467960553125 0.6596540625 0.5721140359375 0.70490074375 0.56660795625 0.734177965625 0.45907698906250005 0.6870404828125001 0.467960553125
1 0.7345331546875 0.67721120625 0.7064274921875 0.7919004468749999 0.744657271875 0.7925482140625 0.772482753125 0.6798350625 0.7345331546875 0.67721120625
1 0.49132227500000003 0.692996071875 0.4599580796875 0.7885792625 0.5020592453125 0.7921420296874999 0.5315784625 0.692708309375 0.49132227500000003 0.692996071875
1 0.45562714531250004 0.6942102921875 0.42318004218749994 0.7911703796875 0.46334553281249996 0.7918181468750001 0.49455844843749996 0.6943277515624999 0.45562714531250004 0.6942102921875
1 0.4238645296875 0.695019771875 0.39003143281249997 0.792789821875 0.429229059375 0.7940853796875 0.461409840625 0.6952994140625 0.4238645296875 0.695019771875
1 0.389076903125 0.6978529531250001 0.357124771875 0.7924659375 0.3939028 0.792789821875 0.42608358125 0.698538296875 0.389076903125 0.6978529531250001
1 0.26898396875 0.706352496875 0.23894723281250002 0.7931141859374999 0.27282173125 0.79246641875 0.301857034375 0.705988209375 0.26898396875 0.706352496875
1 0.24478388125 0.708376196875 0.21039588125000003 0.7931141859374999 0.24185077187499998 0.79440974375 0.2723378171875 0.7072837671875 0.24478388125 0.708376196875
1 0.218292165625 0.708828115625 0.1865734375 0.7934484 0.21502393125000002 0.7961686718750001 0.248758084375 0.710208078125 0.218292165625 0.708828115625
1 0.192885721875 0.7125673765625 0.16178086249999998 0.7937204437500001 0.1928731859375 0.794536503125 0.22315264375 0.7112961906249999 0.192885721875 0.7125673765625
1 0.16874959843749998 0.712907309375 0.1359721984375 0.7950805796875 0.166861315625 0.7934484 0.19571823906250002 0.71238429375 0.16874959843749998 0.712907309375
1 0.1456297359375 0.7163066390624999 0.11299595 0.79535258125 0.13941425937500002 0.7939924453125 0.1701001609375 0.716192678125 0.1456297359375 0.7163066390624999
0 0.6015625 0.4795296171875 0.5849609375 0.470383275 0.5712890625 0.47560975625 0.55859375 0.49520905937500004 0.55078125 0.53702090625 0.55078125 0.5500871078125 0.5556640625 0.55923345 0.580078125 0.5579268296875 0.587890625 0.5474738671875 0.591796875 0.523954703125 0.6015625 0.4978223 0.6015625 0.4795296171875
0 0.681640625 0.4716898953125 0.6630859375 0.4547038328125 0.6494140625 0.4547038328125 0.63671875 0.461236934375 0.626953125 0.48998257812499996 0.623046875 0.52656794375 0.623046875 0.53702090625 0.6279296875 0.546167246875 0.65625 0.5474738671875 0.666015625 0.53702090625 0.669921875 0.4978223 0.681640625 0.4795296171875 0.681640625 0.4716898953125
0 0.529296875 0.5108885015625 0.529296875 0.50304878125 0.5205078125 0.4912891984375 0.4912109375 0.4965156796875 0.482421875 0.5187282234375 0.48046875 0.5605400703125001 0.4892578125 0.5696864109375 0.498046875 0.568379790625 0.5048828125 0.5670731703125 0.517578125 0.5553135890625 0.521484375 0.523954703125 0.529296875 0.5108885015625
0 0.46875 0.5056620203125 0.4599609375 0.4965156796875 0.4306640625 0.49912892031249995 0.421875 0.5161149828125 0.41015625 0.56576655 0.4208984375 0.5775261328125 0.43359375 0.5762195125 0.4443359375 0.5749128921875 0.451171875 0.56576655 0.46875 0.5135017421875 0.46875 0.5056620203125
0 0.423828125 0.5108885015625 0.423828125 0.5056620203125 0.4150390625 0.49912892031249995 0.4033203125 0.49912892031249995 0.3955078125 0.5043554 0.384765625 0.529181184375 0.380859375 0.568379790625 0.3857421875 0.5749128921875 0.40234375 0.5762195125 0.41015625 0.57099303125 0.408203125 0.5579268296875 0.416015625 0.5500871078125 0.423828125 0.5108885015625
0 0.3896484375 0.49912892031249995 0.3779296875 0.5017421609375 0.36328125 0.5213414640625 0.357421875 0.5422473875 0.35546875 0.57099303125 0.3603515625 0.5775261328125 0.375 0.578832753125 0.3828125 0.573606271875 0.3828125 0.53702090625 0.392578125 0.5108885015625 0.3896484375 0.49912892031249995
0 0.72265625 0.7094947734375 0.72265625 0.69381533125 0.7099609375 0.6820557484374999 0.6943359375 0.6820557484374999 0.6845703125 0.6898954703125 0.6640625 0.7199477359374999 0.658203125 0.73824041875 0.654296875 0.77221254375 0.6669921875 0.783972125 0.689453125 0.7826655046875 0.6962890625 0.781358884375 0.705078125 0.77221254375 0.7109375 0.735627178125 0.72265625 0.7094947734375
0 0.673828125 0.691202090625 0.6611328125 0.6820557484374999 0.6416015625 0.6872822296875001 0.625 0.7121080140625 0.615234375 0.735627178125 0.611328125 0.764372821875 0.61328125 0.774825784375 0.6279296875 0.7865853656249999 0.640625 0.7852787453125 0.654296875 0.777439025 0.658203125 0.7330139375 0.673828125 0.6990418125 0.673828125 0.691202090625
0 0.615234375 0.735627178125 0.634765625 0.69381533125 0.6259765625 0.6846689890625 0.6025390625 0.6846689890625 0.5927734375 0.6925087109375 0.576171875 0.7173344953125 0.5625 0.7591463421875 0.5625 0.7695993031249999 0.5693359375 0.7865853656249999 0.58203125 0.7878919859375 0.5849609375 0.783972125 0.6005859375 0.783972125 0.611328125 0.77221254375 0.615234375 0.735627178125
0 0.57421875 0.72778745625 0.57421875 0.7199477359374999 0.587890625 0.7016550515625 0.5869140625 0.6925087109375 0.5615234375 0.6951219515625 0.552734375 0.7042682921875 0.548828125 0.7173344953125 0.5390625 0.7304006968750001 0.529296875 0.7591463421875 0.525390625 0.7905052265625 0.5322265625 0.7996515671875 0.544921875 0.8009581875 0.5595703125 0.7996515671875 0.568359375 0.7905052265625 0.560546875 0.764372821875 0.57421875 0.72778745625
0 0.3828125 0.7068815328125 0.3740234375 0.6977351921875 0.3603515625 0.6977351921875 0.3525390625 0.702961671875 0.3447265625 0.6925087109375 0.3349609375 0.6925087109375 0.3251953125 0.6977351921875 0.3046875 0.725174215625 0.294921875 0.7539198609375 0.29296875 0.774825784375 0.2998046875 0.783972125 0.3212890625 0.781358884375 0.3291015625 0.7865853656249999 0.3515625 0.7852787453125 0.361328125 0.774825784375 0.3671875 0.7513066203125 0.3828125 0.7173344953125 0.3828125 0.7068815328125
0 0.3251953125 0.6977351921875 0.3046875 0.725174215625 0.296875 0.7460801390625 0.29296875 0.777439025 0.2998046875 0.783972125 0.31640625 0.7826655046875 0.330078125 0.735627178125 0.353515625 0.7016550515625 0.3466796875 0.6925087109375 0.3251953125 0.6977351921875
0 0.1396484375 0.6768292687499999 0.1064453125 0.6768292687499999 0.0947265625 0.6794425093750001 0.0859375 0.6964285718750001 0.0908203125 0.71080139375 0.123046875 0.7121080140625 0.1376953125 0.71080139375 0.146484375 0.6990418125 0.1484375 0.68336236875 0.1396484375 0.6768292687499999
0 0.1806640625 0.593205575 0.1416015625 0.595818815625 0.1337890625 0.601045296875 0.125 0.61541811875 0.125 0.6232578390625 0.1318359375 0.6271777000000001 0.16796875 0.6258710796875 0.1748046875 0.6245644593749999 0.18359375 0.6128048781250001 0.1875 0.602351915625 0.1806640625 0.593205575
0 0.29296875 0.531794425 0.2841796875 0.522648084375 0.2724609375 0.522648084375 0.2607421875 0.5304878046875 0.25 0.5500871078125 0.248046875 0.5840592328125 0.2529296875 0.5905923343749999 0.265625 0.5918989546875 0.279296875 0.578832753125 0.279296875 0.57099303125 0.29296875 0.5422473875 0.29296875 0.531794425
0 0.1748046875 0.55923345 0.1552734375 0.561846690625 0.1494140625 0.5644599296874999 0.138671875 0.58144599375 0.1416015625 0.593205575 0.171875 0.5918989546875 0.1845703125 0.5905923343749999 0.1953125 0.57099303125 0.193359375 0.56576655 0.1748046875 0.55923345
0 0.1845703125 0.5252613234375 0.1650390625 0.5331010453125 0.15625 0.5474738671875 0.1591796875 0.55923345 0.185546875 0.5579268296875 0.2021484375 0.556620209375 0.21484375 0.5344076656250001 0.2099609375 0.5278745640625 0.1845703125 0.5252613234375
0 0.2666015625 0.3841463421875 0.2568359375 0.3815331015625 0.2275390625 0.3841463421875 0.2216796875 0.38675958125 0.2109375 0.4037456453125 0.2138671875 0.4155052265625 0.236328125 0.41681184687500006 0.2626953125 0.41027874531249997 0.271484375 0.3985191640625 0.271484375 0.3906794421875 0.2666015625 0.3841463421875
0 0.5146484375 0.21951219531250002 0.4970703125 0.21689895468749998 0.486328125 0.22865853593750002 0.48046875 0.24433797968749998 0.482421875 0.249564459375 0.478515625 0.2756968640625 0.4833984375 0.28484320625000004 0.48828125 0.2835365859375 0.5009765625 0.28222996562499997 0.51171875 0.2704703828125 0.515625 0.2417247390625 0.5146484375 0.21951219531250002
0 0.55859375 0.220818815625 0.5537109375 0.2090592328125 0.5322265625 0.20644599375 0.521484375 0.21820557499999998 0.517578125 0.22865853593750002 0.515625 0.2678571421875 0.5205078125 0.271777003125 0.53515625 0.2704703828125 0.5400390625 0.26916376249999996 0.546875 0.25740418125 0.548828125 0.2417247390625 0.55859375 0.220818815625
0 0.3447265625 0.399825784375 0.3369140625 0.399825784375 0.326171875 0.41681184687500006 0.3203125 0.4324912890625 0.3203125 0.445557490625 0.326171875 0.445557490625 0.3359375 0.4351045296875 0.333984375 0.4272648078125 0.345703125 0.4037456453125 0.3447265625 0.399825784375
0 0.3994140625 0.38675958125 0.3916015625 0.3815331015625 0.3759765625 0.3815331015625 0.3359375 0.406358884375 0.333984375 0.42465156718749997 0.328125 0.4324912890625 0.3291015625 0.44686411093749995 0.3671875 0.445557490625 0.3759765625 0.43902439062500004 0.388671875 0.41419860625 0.40234375 0.3985191640625 0.3994140625 0.38675958125
1 0.408364565625 0.4341125453125 0.41774955937499997 0.4035656796875 0.4294992171875 0.3857352265625 0.4045889234375 0.38194775000000003 0.38659586562500003 0.43269801562500004 0.392513575 0.43892197812499995 0.408364565625 0.4341125453125
0 0.4306640625 0.3919860625 0.4150390625 0.40243902499999995 0.40234375 0.41942508749999996 0.4052734375 0.428571428125 0.412109375 0.4272648078125 0.4189453125 0.4207317078125 0.4267578125 0.4207317078125 0.4375 0.39590592343750003 0.4306640625 0.3919860625
0 0.4560546875 0.3789198609375 0.431640625 0.411585365625 0.4345703125 0.4207317078125 0.455078125 0.41942508749999996 0.4765625 0.38545296093750003 0.4755859375 0.3789198609375 0.4677734375 0.3736933796875 0.4560546875 0.3789198609375
0 0.4638671875 0.399825784375 0.453125 0.42203832812500003 0.451171875 0.4351045296875 0.4609375 0.4403310109375 0.470703125 0.42987804843750005 0.470703125 0.41419860625 0.4794921875 0.38675958125 0.4638671875 0.399825784375
0 0.521484375 0.41942508749999996 0.5234375 0.4011324046875 0.544921875 0.3619337984375 0.5380859375 0.35278745625 0.5224609375 0.35278745625 0.4912109375 0.3684668984375 0.47711645625 0.393958665625 0.4765625 0.3985191640625 0.46875 0.41681184687500006 0.46875 0.4272648078125 0.47265625 0.4272648078125 0.4833984375 0.4207317078125 0.5068359375 0.4207317078125 0.5166015625 0.42595818750000003 0.521484375 0.41942508749999996
0 0.5546875 0.3906794421875 0.57421875 0.36716027812499996 0.5712890625 0.360627178125 0.5537109375 0.360627178125 0.529296875 0.3880662015625 0.517578125 0.42987804843750005 0.5205078125 0.43641114999999997 0.533203125 0.4351045296875 0.5419921875 0.43379790937499996 0.548828125 0.4272648078125 0.548828125 0.406358884375 0.5546875 0.3906794421875
0 0.599609375 0.36977351875000003 0.5966796875 0.3658536578125 0.5751953125 0.3658536578125 0.552734375 0.39329268281249996 0.546875 0.42465156718749997 0.5498046875 0.428571428125 0.568359375 0.4272648078125 0.5732421875 0.41027874531249997 0.5859375 0.406358884375 0.587890625 0.3906794421875 0.599609375 0.36977351875000003
0 0.6328125 0.3619337984375 0.6279296875 0.355400696875 0.6064453125 0.360627178125 0.587890625 0.3880662015625 0.5859375 0.4037456453125 0.59375 0.4037456453125 0.6025390625 0.39721254375 0.6240234375 0.399825784375 0.6328125 0.375 0.6328125 0.3619337984375
0 0.7138671875 0.31358885000000003 0.6943359375 0.31881533125 0.669921875 0.35409407656249997 0.673828125 0.38545296093750003 0.6845703125 0.389372821875 0.6904296875 0.39721254375 0.697265625 0.39590592343750003 0.703125 0.3880662015625 0.70703125 0.35409407656249997 0.71875 0.3227351921875 0.7138671875 0.31358885000000003
0 0.68671875 0.31796875 0.00078125 0.00234375
0 0.66796875 0.3619337984375 0.681640625 0.33580139375 0.6806640625 0.3292682921875 0.6611328125 0.3266550515625 0.6533203125 0.3318815328125 0.630859375 0.36454703906249997 0.6328125 0.38022648124999997 0.626953125 0.3985191640625 0.634765625 0.3985191640625 0.6533203125 0.39721254375 0.65625 0.38545296093750003 0.666015625 0.38022648124999997 0.66796875 0.3619337984375
0 0.7587890625 0.310975609375 0.7509765625 0.3057491296875 0.7392578125 0.3057491296875 0.7275390625 0.31358885000000003 0.71484375 0.33057491250000004 0.703125 0.38022648124999997 0.7080078125 0.38675958125 0.72265625 0.38545296093750003 0.74609375 0.375 0.748046875 0.3593205578125 0.76171875 0.3253484328125 0.7587890625 0.310975609375
0 0.6484375 0.18684669062499998 0.6376953125 0.1777003484375 0.6181640625 0.1803135890625 0.603515625 0.21036585312499997 0.599609375 0.24433797968749998 0.6064453125 0.2534843203125 0.623046875 0.2521777 0.634765625 0.2417247390625 0.642578125 0.21297909375000001 0.650390625 0.1999128921875 0.6484375 0.18684669062499998
0 0.861328125 0.12151567968749999 0.8564453125 0.11759581875 0.8408203125 0.11759581875 0.8291015625 0.125435540625 0.818359375 0.1398083625 0.810546875 0.16855400625 0.80859375 0.1999128921875 0.8134765625 0.20644599375 0.826171875 0.2077526125 0.8447265625 0.198606271875 0.8515625 0.181620209375 0.861328125 0.13458188124999998 0.861328125 0.12151567968749999
0 0.9072265625 0.08623693437499999 0.8935546875 0.0888501734375 0.8798828125 0.0993031359375 0.875 0.11367595781249999 0.865234375 0.1267421609375 0.859375 0.1528745640625 0.861328125 0.171167246875 0.8642578125 0.1750871078125 0.884765625 0.1737804875 0.8984375 0.1633275265625 0.91796875 0.10844947812500001 0.91796875 0.097996515625 0.9072265625 0.08623693437499999
0 0.944026559375 0.3466846953125 0.931331246875 0.33753835312499997 0.909846871875 0.33753835312499997 0.880549996875 0.342764834375 0.864924996875 0.35060455468749996 0.850276559375 0.3702038578125 0.850276559375 0.3806568203125 0.857112496875 0.3898031609375 0.873714059375 0.39110978125 0.925471871875 0.38457668125 0.940120309375 0.3728170984375 0.944026559375 0.3623641375 0.944026559375 0.3466846953125
0 0.9248046875 0.38675958125 0.8955078125 0.38675958125 0.8642578125 0.394599303125 0.8486328125 0.4050522640625 0.841796875 0.41942508749999996 0.8447265625 0.43118466875 0.8916015625 0.42595818750000003 0.9033203125 0.43379790937499996 0.919921875 0.4351045296875 0.935546875 0.41942508749999996 0.9375 0.408972125 0.9375 0.3985191640625 0.9248046875 0.38675958125
0 0.919921875 0.45078397187499997 0.9150390625 0.44163763125 0.8857421875 0.42595818750000003 0.8232421875 0.43379790937499996 0.8046875 0.461236934375 0.802734375 0.4795296171875 0.8076171875 0.4886759578125 0.8193359375 0.4965156796875 0.826171875 0.49520905937500004 0.8583984375 0.4886759578125 0.9072265625 0.4886759578125 0.916015625 0.4743031359375 0.919921875 0.45078397187499997
1 0.8621405515625 0.3098996859375 0.9637972109374999 0.2952819953125 0.9820983578125 0.2366158890625 0.8785452656249999 0.25776672968750003 0.8621405515625 0.3098996859375
1 0.5385537984375001 0.7271872671875 0.54779304375 0.709519190625 0.5618719234375 0.6894953609375001 0.5259546984375 0.6912052375 0.4941174046875 0.793737015625 0.52227513125 0.7925591843750001 0.52711473125 0.7595787390625001 0.5385537984375001 0.7271872671875
1 0.4999308 0.497871046875 0.48742244531249995 0.49682125 0.4693587265625 0.50136489375 0.44050418437500005 0.593403271875 0.479142734375 0.592875509375 0.48505679687500003 0.5728202140625 0.4999308 0.497871046875
1 0.5645197234375 0.4873061265625 0.5354100500000001 0.4914721375 0.5079245140624999 0.5860144765624999 0.5520828328125 0.5865422390624999 0.554842715625 0.56384813125 0.5645197234375 0.4873061265625
1 0.6354459859375 0.4760244359375 0.60737641875 0.48091986562500005 0.576760925 0.5820565906249999 0.617084690625 0.5729485703125 0.629195053125 0.4997322515625 0.6354459859375 0.4760244359375
1 0.354349340625 0.5639626125 0.355532165625 0.5412684640625 0.3630232859375 0.5217409703125 0.35253660937500003 0.522469440625 0.3184706734375 0.6130452656250001 0.354349340625 0.60987863125 0.36341758125 0.5834901046875001 0.354349340625 0.5639626125
1 0.29181745625 0.7767243421875001 0.2949705359375 0.749993125 0.30416703906250003 0.722910184375 0.3162538890625 0.7053238390625001 0.2960451921875 0.7055297265625 0.2658044828125 0.793958953125 0.301802240625 0.793958953125 0.2994374203125 0.7872761406250001 0.29181745625 0.7767243421875001
1 0.5979705281250001 0.2433788421875 0.5972850281250001 0.2273210265625 0.6061963515625 0.1984169640625 0.588843571875 0.2024976671875 0.5691801578125 0.2777884453125 0.6048253765625 0.26953014375 0.6061963515625 0.25576630312500004 0.5979705281250001 0.2433788421875
1 0.797094175 0.13541888124999998 0.7775675453125 0.2186039203125 0.8108136046875 0.20851043281249998 0.8228095890624999 0.127762571875 0.797094175 0.13541888124999998
1 0.9893430437499999 0.1861856921875 0.8859945890625 0.21504233281250001 0.8741591859375 0.265682915625 0.9770849390624999 0.24163571250000002 0.9893430437499999 0.1861856921875
1 0.9973742171875 0.1581777703125 0.893404403125 0.1817852453125 0.8872626640625001 0.220700496875 0.9910338218750001 0.19693621562500002 0.9973742171875 0.1581777703125