0 0.1638465390625 0.4305579609375 0.11437884375 0.4420005234375 0.0694266125 0.49006819999999995 0.0396361359375 0.5726827343750001 0.04469005625 0.58419835625 0.076735553125 0.60830525 0.15429089375 0.63603040625 0.19326262968750002 0.6337808578125 0.2266857109375 0.621898290625 0.22197618593750001 0.60138530625 0.23731285156249998 0.5430246078125001 0.251368225 0.48227783124999996 0.1789016875 0.43476316875 0.1638465390625 0.4305579609375
0 0.45171361406250005 0.735140878125 0.4385499359375 0.7698590359375 0.4513446484375 0.8441605640625 0.465711003125 0.8663605015625 0.51132745625 0.9003204140625 0.5756562375 0.9091951875 0.56049448125 0.874648328125 0.5631621984375 0.849123184375 0.61865411875 0.7686356046875 0.62345109375 0.7426948109375 0.602202228125 0.7236244265625 0.5514477328125 0.6908214828125 0.4949874515625 0.6917395265625 0.45171361406250005 0.735140878125
0 0.5776160078125 0.8248693453125 0.5637635359375001 0.8775822312500001 0.5898285359375001 0.9475072546875 0.6387140437500001 0.984401071875 0.6923965296875 0.995354096875 0.7320570562500001 0.9751098171875 0.7247235421875 0.956895084375 0.7333280328125 0.9087787046875 0.7450075171874999 0.8797083578124999 0.76565504375 0.87031969375 0.7518271453125001 0.8230102609375001 0.7315677390624999 0.8001746703125001 0.661539975 0.7745521203125 0.6197939140625001 0.771985159375 0.5776160078125 0.8248693453125
0 0.5277135609375 0.284514375 0.4731919484375 0.28444131875 0.44626325 0.32541858437500004 0.3995261546875 0.36490454687499996 0.3833940890625 0.410918321875 0.42589182187499997 0.44905909218750006 0.432235871875 0.47103902968750005 0.46051758437499996 0.4940946234375 0.5212329140625 0.5090328546875 0.57446439375 0.49864159218750004 0.5816912999999999 0.4865146734375 0.568809134375 0.4586669234375 0.5844464687500001 0.4145357515625 0.594641759375 0.3911132140625 0.61954780625 0.3808932484375 0.6251401828125001 0.3672993765625 0.612063959375 0.3555637546875 0.6034403125 0.32688470625 0.5686204906250001 0.297961303125 0.5277135609375 0.284514375
0 0.2986801390625 0.2720708765625 0.2870006546875 0.30114122656250003 0.29097765937500003 0.36287583125 0.32153896249999997 0.39263053281250004 0.3619511625 0.4079600640625 0.3801250328125 0.4079844171875 0.401505078125 0.357374134375 0.4424994625 0.3243672828125 0.45893219687500003 0.2925830296875 0.48908622343749997 0.277766559375 0.49061414374999995 0.24889185937499997 0.4530199953125 0.21515194843750002 0.39656318437500004 0.199382415625 0.36511902812499997 0.20373457031250003 0.2986801390625 0.2720708765625
1 0.3511978890625 0.7912334828125 0.4127107171875 0.59058504375 0.2722824875 0.49570061406250004 0.20801571718749998 0.714349103125 0.3511978890625 0.7912334828125
1 0.5548177812499999 0.67156079375 0.39569852499999997 0.5884682625 0.3278060265625 0.7732811203125001 0.45993554843749995 0.8676677984375001 0.5548177812499999 0.67156079375
1 0.747865021875 0.612175990625 0.8556235234375 0.3893110796875 0.68577721875 0.28395939531250003 0.5795706484375 0.523885659375 0.747865021875 0.612175990625
1 0.987090378125 0.4902506578125 0.988090978125 0.45586228437500004 0.8202230687500001 0.369761209375 0.71621588125 0.6050924109375 0.8933031359375001 0.713405784375 0.987090378125 0.4902506578125
1 0.31408904843749996 0.3575047984375 0.42804800624999995 0.1311017296875 0.275509946875 0.05735554375 0.19597116406249998 0.27883797499999996 0.31408904843749996 0.3575047984375
1 0.1932023984375 0.008998546875000001 0.1469237078125 0.006843081249999999 0.0791684796875 0.215470459375 0.2220042234375 0.28698787187499997 0.29152140625 0.0692516609375 0.1932023984375 0.008998546875000001