1 0.914540025 0.33942115156249997 0.95278706875 0.1729347421875 0.78582961875 0.184081721875 0.7553976437500001 0.350880515625 0.914540025 0.33942115156249997
1 0.85267501875 0.5921552265625001 0.8926050234374999 0.43917435625 0.725831303125 0.44697714062499994 0.6838733203125 0.6042016296875 0.85267501875 0.5921552265625001
1 0.100971390625 0.12015774531250001 0.47351716875000005 0.10818057656249999 0.4797821375 0.028481093750000002 0.1064765515625 0.0367457765625 0.100971390625 0.12015774531250001
1 0.0849918015625 0.2109135359375 0.4635462453125 0.195349971875 0.4789903 0.094092378125 0.10108386875 0.1022215125 0.0849918015625 0.2109135359375
1 0.071455721875 0.302935825 0.45129142343749995 0.27754424843750003 0.467362153125 0.1768793578125 0.08288621406249999 0.1971104921875 0.071455721875 0.302935825
1 0.0474232453125 0.4711720328125 0.41378980624999995 0.4389729359375 0.425079359375 0.364694059375 0.07071450781250001 0.3684600734375 0.0474232453125 0.4711720328125
1 0.0424904796875 0.5530664078124999 0.39154161875 0.52028141875 0.4129835796875 0.42754035156250003 0.05064515000000001 0.45951631875 0.0424904796875 0.5530664078124999
1 0.023447203125 0.6323514640625 0.37525383125 0.5964567109375001 0.3928423921875 0.506767659375 0.0410507203125 0.544277425 0.023447203125 0.6323514640625
1 0.0120220203125 0.6887411171875 0.0124112296875 0.711038915625 0.3621150375 0.66812903125 0.38071043125 0.582681946875 0.027604871875 0.6226121234375 0.0120220203125 0.6887411171875
1 0.0123253390625 0.7061181765625 0.01379328125 0.7902165296875 0.34465785625 0.7419085062499999 0.3620450984375 0.6576302593750001 0.01300715 0.701508646875 0.0123253390625 0.7061181765625
1 0.014692815625 0.8417508828125 0.3306656390625 0.7917491015625 0.349031371875 0.731008646875 0.0135168125 0.7743777078125 0.014692815625 0.8417508828125
1 0.9719115828125 0.81760719375 0.99023445 0.6911952796875 0.85550603125 0.7178708046875 0.8219827578125001 0.84246009375 0.9719115828125 0.81760719375
1 0.723565796875 0.7339504640625 0.6948070234375 0.8678252015625001 0.8391723828125001 0.8428527640624999 0.8749442703125 0.713266221875 0.723565796875 0.7339504640625
0 0.5147511890625001 0.7635197921875 0.5031808171875001 0.7766457515625 0.501478296875 0.7961770015625 0.48922691875 0.8171154625 0.4811127 0.8902666640625 0.5397545640625 0.8953133046874999 0.58195000625 0.8896844609375 0.6122924515625 0.8804890296875 0.64218201875 0.8565541765625 0.6536978921875 0.8041837453125 0.6472895765625 0.7979604265625 0.650013609375 0.766710428125 0.6355523328125 0.7531962437499999 0.6118463359375 0.7460630687500001 0.5736211859375 0.7460145078125 0.5454341390625 0.750418109375 0.5147511890625001 0.7635197921875
1 0.6248266828125 0.7349566453125 0.600795109375 0.8840267859375001 0.71378536875 0.8669503593749999 0.7438176624999999 0.730411759375 0.6248266828125 0.7349566453125
0 0.359749684375 0.8073618453125 0.3363263125 0.8169212187499999 0.31664510468749996 0.8433551109374999 0.32583194843749996 0.8575729015625001 0.3137508203125 0.8765582359374999 0.3075672515625 0.9076262640625 0.2963373828125 0.916845975 0.2969605140625 0.9296322734375 0.297924146875 0.9385123203125 0.31306643125 0.94421400625 0.371878546875 0.9473075203124999 0.41078470625 0.93954358125 0.44163790625 0.9244887765625001 0.4500892484375 0.9072745937500001 0.4803193171875 0.8794334921875 0.4821375921875 0.8187046453125 0.46058699374999995 0.8067796421875 0.44708935156249996 0.8021455062499999 0.39502605625 0.8013690609375 0.359749684375 0.8073618453125
0 0.40486646249999997 0.2897837203125 0.3727091234375 0.29986472656249996 0.2751611 0.3025820265625 0.24005498125 0.3066216859375 0.198540546875 0.304438028125 0.174664296875 0.299257978125 0.14335821875000002 0.29957336093750003 0.128839065625 0.30665797499999997 0.0868138734375 0.3103336921875 0.0811989390625 0.3149435484375 0.0777939 0.3540060484375 0.09769985625 0.3648635015625 0.0971891015625 0.3707228765625 0.07178058281250001 0.3831209515625 0.06928468125000001 0.39181902812499997 0.082782321875 0.39645316406250003 0.1139181484375 0.39809090625 0.18724941875 0.3940998078125 0.2356829265625 0.396647409375 0.45913627031250004 0.38485608125000004 0.4984408125 0.35258709375 0.5065516484375 0.3392791625 0.5089351765625 0.3119354125 0.504171503125 0.30677964375 0.48392503906249995 0.2998284390625 0.439461825 0.29160343437499997 0.40486646249999997 0.2897837203125
0 1 0.45239895468749997 0.9713723875 0.449079203125 0.9376282859374999 0.43749386250000005 0.9201603515624999 0.43853713125000005 0.9039965578125001 0.444554196875 0.8996857609375001 0.45413785156250003 0.88499635625 0.46317558906249995 0.894353453125 0.4754402546875 0.8810805609375001 0.508097465625 0.8712093265625 0.5615354453125 0.8776176421875 0.5677587640625 0.9540679453124999 0.5678558859375 0.9862252828125 0.5577748796875001 1 0.5494927406250001 1 0.45239895468749997