1 0.34499005625 0.10626102500000001 0.17726090625 0.08254813125 0.19709888125 0.24838220781250003 0.36472979375 0.26425997031250004 0.34499005625 0.10626102500000001
1 0.59980985625 0.14605904375 0.44543648593749996 0.11948853906250001 0.4619359078125 0.285430296875 0.6206397156250001 0.313657353125 0.59980985625 0.14605904375
1 0.16932576093750001 0.9381816109375001 0.137896803125 0.567019403125 0.058233049999999995 0.5677011359375 0.086006246875 0.9399457765625 0.16932576093750001 0.9381816109375001
1 0.260504015625 0.9462427312499999 0.225190421875 0.5693896875 0.123586334375 0.5627782046875 0.1514655015625 0.939631290625 0.260504015625 0.9462427312499999
1 0.3528150484375 0.9517522796875 0.3076512109375 0.5744750640625 0.206604309375 0.5671858609375 0.2468742203125 0.9495484937500001 0.3528150484375 0.9517522796875
1 0.5215417375 0.961111209375 0.4703066921875 0.5978836859375 0.3957757171875 0.5930733499999999 0.41807904375 0.9467863515625 0.5215417375 0.961111209375
1 0.6033206109375 0.9589073390625 0.5524089828125 0.6130304375 0.45896850312500004 0.5996848328125 0.5097705234375 0.9589073390625 0.6033206109375 0.9589073390625
1 0.6832409015625001 0.971028328125 0.629089425 0.6226692828125 0.53888879375 0.61290775625 0.5946471296875 0.961111209375 0.6832409015625001 0.971028328125
1 0.7631611921875 0.9809455312500001 0.7011225671875 0.6295541703125 0.615091825 0.6184173046875 0.67332831875 0.96772265 0.7631611921875 0.9809455312500001
1 0.8437010578124999 0.9809455312500001 0.7754793578125 0.640569990625 0.690675375 0.6305383765625 0.75262908125 0.9754359828125001 0.8437010578124999 0.9809455312500001
1 0.8969811890624999 0.9842512937500001 0.8258251031249999 0.650208834375 0.7644002484375 0.637149734375 0.8282126312500001 0.9853531875 0.8969811890624999 0.9842512937500001
1 0.8179896125000001 0.007296990624999999 0.6911952796875 0 0.7248034171875 0.13228213125 0.8505793359375 0.154924365625 0.8179896125000001 0.007296990624999999
1 0.7477180609375 0.2627014125 0.8824875796875 0.2797748375 0.8500701671875 0.137716253125 0.7192020671875 0.11326266874999999 0.7477180609375 0.2627014125
0 0.8740234375 0.3333333328125 0.8212890625 0.3263888890625 0.8154296875 0.3333333328125 0.7841796875 0.3333333328125 0.771484375 0.3489583328125 0.765625 0.3732638890625 0.767578125 0.4114583328125 0.7734375 0.4392361109375 0.7880859375 0.46875 0.8017578125 0.4791666671875 0.8212890625 0.4791666671875 0.8427734375 0.4895833328125 0.916015625 0.49131944375 0.91796875 0.4322916671875 0.91015625 0.390625 0.8994140625 0.3611111109375 0.8740234375 0.3333333328125
1 0.7538896187499999 0.36126265625 0.9035376703125 0.37228984375 0.8806230265625 0.2608900265625 0.7431351234375 0.24277623906249998 0.7538896187499999 0.36126265625
0 0.96875 0.5572916671875 0.9521484375 0.527777778125 0.9345703125 0.5208333328125 0.9052734375 0.49305555625 0.8447265625 0.49652777812500004 0.833984375 0.519097221875 0.830078125 0.5329861109375 0.83203125 0.5850694437499999 0.83984375 0.6197916671875 0.8505859375 0.6423611109375 0.8779296875 0.659722221875 0.8916015625 0.6493055562500001 0.9111328125 0.659722221875 0.9423828125 0.6631944437499999 0.9521484375 0.6736111109375 0.96484375 0.671875 0.9736328125 0.6701388890625 0.978515625 0.6545138890625 0.978515625 0.5954861109375 0.96875 0.5572916671875
0 0.4375 0.7795138890625 0.4140625 0.5572916671875 0.3798828125 0.5208333328125 0.3662109375 0.5138888890625 0.3388671875 0.5138888890625 0.333984375 0.519097221875 0.328125 0.5399305562500001 0.322265625 0.5850694437499999 0.322265625 0.6197916671875 0.333984375 0.6510416671875 0.341796875 0.7482638890625 0.34765625 0.7829861109375 0.34765625 0.824652778125 0.34375 0.8489583328125001 0.345703125 0.8802083328125001 0.353515625 0.894097221875 0.359375 0.9357638890625 0.3642578125 0.940972221875 0.4033203125 0.940972221875 0.4130859375 0.9201388890625 0.4189453125 0.9201388890625 0.4326171875 0.9444444437499999 0.44140625 0.9461805562500001 0.4453125 0.9322916671874999 0.4453125 0.9010416671874999 0.4375 0.828125 0.4375 0.7795138890625
0 0.4580078125 0 0.453125 0.00868055625 0.451171875 0.03993055625 0.44140625 0.074652778125 0.443359375 0.09201388906249999 0.4501953125 0.1076388890625 0.4599609375 0.1111111109375 0.4697265625 0.125 0.4814453125 0.1145833328125 0.5146484375 0.125 0.568359375 0.1302083328125 0.57421875 0.1232638890625 0.5703125 0.046875 0.55859375 0.015625 0.5478515625 0 0.4580078125 0