1 0.31128950781250003 0.3325145125 0.31890641875000003 0.16550651249999998 0.1572255625 0.10883791406250001 0.1573644890625 0.2777052859375 0.31128950781250003 0.3325145125
1 0.324608634375 0.5931362359375 0.3187355328125 0.4320521640625 0.1564826234375 0.3786142953125 0.16131655 0.535103478125 0.324608634375 0.5931362359375
1 1 0.20673828125 0.6549046187500001 0.10199224375 0.6431263281249999 0.17950808437500002 1 0.2915591125 1 0.20673828125
1 1 0.27335856875000003 0.64091500625 0.1646012484375 0.6333111703125 0.2651497421875 1 0.3837293640625 1 0.27335856875000003
1 1 0.3694224859375 0.6337160328125 0.24653289531250003 0.62686189375 0.3466906984375 0.994685971875 0.47564445156249996 1 0.4318004734375 1 0.3694224859375
1 0.980666165625 0.538156725 0.6330230640625001 0.43679517343749996 0.6274061828125 0.5105429390625 0.9804520968749999 0.6422534828125 0.980666165625 0.538156725
1 0.979907165625 0.63028090625 0.6307723843749999 0.4998940296875 0.630984 0.5939990703125 0.9668696421874999 0.7214888734375 0.979907165625 0.63028090625
1 0.9702638296874999 0.7135286078124999 0.6327465734375 0.5807897578125 0.6298556390625001 0.6709293296875 0.9677511234375 0.8021365703125 0.9702638296874999 0.7135286078124999
1 0.96585458125 0.7917280890625 0.627590025 0.6563251046875 0.6266440453125 0.7427087546875 0.9664472703125 0.8822882203125 0.96585458125 0.7917280890625
1 0.9624516515625 0.8707796578125 0.629075975 0.7327446531249999 0.6272049640625 0.8176834796874999 0.9552229046875 0.9608116875 0.9624516515625 0.8707796578125
1 0.9532336890625001 1 0.9617521874999999 0.9467031421875 0.625357375 0.8061118875 0.6297467140624999 0.8689383578125 0.9210641 1 0.9532336890625001 1
1 0.038643475 0.7373614359375 0.13515938125 0.7815901671875001 0.1302353765625 0.653866678125 0.0317147953125 0.6051543406250001 0.038643475 0.7373614359375
1 0.112155790625 0.6441245078125 0.1181663109375 0.7772204031250001 0.25451762499999997 0.840801921875 0.2563691859375 0.70556346875 0.112155790625 0.6441245078125
0 0.42784140312499996 0.7703748671875 0.40111279375000003 0.7584097375 0.36351034375 0.7479083953125001 0.33859171093749996 0.74815018125 0.3213282671875 0.75701065 0.3169731390625 0.787478275 0.3092702546875 0.7916278421875 0.308807275 0.8446050703125 0.3328139296875 0.875612465625 0.3605836265625 0.8927289390625001 0.40081263749999996 0.90972451875 0.4596183734375 0.921106746875 0.46810413124999994 0.8493074734375 0.4607688328125 0.8260163140625 0.46349078906249996 0.8069740484375 0.45506670781249997 0.79129979375 0.42784140312499996 0.7703748671875
1 0.2372495421875 0.6966103484375 0.2360507859375 0.8347333000000001 0.34332438125000003 0.882149034375 0.35324508906249996 0.733765484375 0.2372495421875 0.6966103484375
0 0.6345812015625001 1 0.6353481078125001 0.9973666359375001 0.6263796359375 0.985500834375 0.6272916140625 0.9542516531249999 0.619684121875 0.93286471875 0.6319189374999999 0.9218798015624999 0.618513928125 0.8913128499999999 0.59763053125 0.8757594890625 0.5642878171875 0.860327021875 0.5129127703125 0.8466994515625 0.49859578281249994 0.8473816812500001 0.47471823593750007 0.8527748109375001 0.4628370265625 0.9110242796874999 0.48629928749999995 0.9458401249999999 0.49073582812499994 0.9645412765625 0.5176889375 0.9873704296874999 0.5431412796874999 1 0.6345812015625001 1
0 0.9824014640625001 0.484374271875 0.9779172296875001 0.4784413703125 0.937416021875 0.4633500171875 0.9247322046875001 0.4526068859375 0.8940160546874999 0.44366865625 0.8693696187500001 0.44200621562500003 0.8280518234375001 0.4326275421875 0.7944369140624999 0.41909929999999995 0.6991175109375 0.389598821875 0.6697623390625 0.3711394578125 0.6353308421875 0.363323896875 0.5897533140625 0.3588763453125 0.568277828125 0.35989968906250003 0.5624326171875 0.3634879203125 0.5586218796875 0.390147090625 0.5636028093750001 0.4050397890625 0.594992459375 0.44657009375 0.8120876812500001 0.51944040625 0.8602917734375 0.5303821921874999 0.9315091328125 0.5544117765625 0.962497478125 0.5614457828125 0.9768144671875 0.5607635531249999 0.9763177703125001 0.55180375625 0.9541210937500001 0.533003278125 0.9549376796875 0.5272905984375 0.976957553125 0.5224588031249999 0.9824014640625001 0.484374271875
0 0.14660014999999998 0.4126174984375 0.158562771875 0.4035368078125 0.1461511515625 0.3908894515625 0.14406897968750002 0.38058676406249997 0.12952749218749998 0.3704049671875 0.1125839390625 0.364592959375 0.07679146718749999 0.36629853125 0.045530926562500004 0.36116875312499996 0.0362425625 0.363975428125 0.023721570312500002 0.45156984843750003 0.03771866875 0.4655600984375 0.067073840625 0.48401946249999994 0.1422787390625 0.5050221500000001 0.149981625 0.5008725828125 0.1523022765625 0.44733401875 0.14660014999999998 0.4126174984375