0 0.6778620156249999 0.09113609687499999 0.6680963890625 0.08335826562500001 0.5802057656249999 0.09113609687499999 0.5216120156249999 0.12224741406249999 0.497197953125 0.16696993124999998 0.497197953125 0.1825255890625 0.5235579890625 0.2643003140625 0.5860651390625 0.2661372515625 0.6466120156249999 0.2661372515625 0.6651667031249999 0.2758595390625 0.6856745140625 0.24669268125000002 0.6983698281249999 0.209747990625 0.6925104515625 0.12808078437499998 0.6778620156249999 0.09113609687499999
0 0.857421875 0.6202818734375 0.8369140625 0.5677815265625 0.8193359375 0.54833695625 0.7509765625 0.5172256390625 0.7138671875 0.521114553125 0.660236621875 0.55179065625 0.64410689375 0.605906434375 0.662109375 0.663059934375 0.6748046875 0.688337878125 0.701171875 0.6902823375 0.7939453125 0.6572265625 0.8193359375 0.6611154765625 0.8486328125 0.6844489640625 0.857421875 0.6202818734375
0 0.8701171875 0.8516722906249999 0.900390625 0.8186165171875001 0.904296875 0.7641717125 0.8818359375 0.707782453125 0.8212890625 0.6650043906249999 0.7666015625 0.6650043906249999 0.7041015625 0.6922267921875 0.6953125 0.733060396875 0.701171875 0.806949771875 0.7177734375 0.8322277187499999 0.759765625 0.8575056625 0.7744140625 0.8400055468750001 0.8056640625 0.8361166328125 0.8544921875 0.8400055468750001 0.8701171875 0.8516722906249999
0 0.4384765625 0.5833371859375001 0.4521484375 0.579448271875 0.4765625 0.5308368406249999 0.478515625 0.4686142078125 0.4638671875 0.43555843125000004 0.4443359375 0.4238916890625 0.4189453125 0.3733357984375 0.3701171875 0.3772247125 0.3193359375 0.41222494374999996 0.2724609375 0.427780603125 0.2578125 0.48028095000000004 0.259765625 0.523059009375 0.2783203125 0.5638926125 0.3037109375 0.579448271875 0.3115234375 0.5950039296875 0.326171875 0.5930594734375 0.3427734375 0.5716704406249999 0.3681640625 0.5677815265625 0.4150390625 0.5638926125 0.4384765625 0.5833371859375001
0 0.4169921875 0.369446884375 0.421875 0.35194676875 0.41796875 0.3091687078125 0.3974609375 0.27222402031250004 0.3388671875 0.252779446875 0.3076171875 0.2566683609375 0.2236328125 0.30333533749999997 0.2109375 0.33250219531249997 0.2109375 0.3908359140625 0.2333984375 0.43555843125000004 0.26171875 0.44139180468749994 0.2841796875 0.4161138578125 0.3193359375 0.4083360296875 0.3623046875 0.3772247125 0.4169921875 0.369446884375
1 0.75956206875 0.281274334375 0.5308851421874999 0.28782755937500004 0.5846813328125 0.44700404687499995 0.7952174703125 0.43854845 0.75956206875 0.281274334375
1 0.8397367671874999 0.562552834375 0.78418128125 0.41149049687500006 0.5872281671875 0.43009285156250004 0.6245813484375 0.604278228125 0.8397367671874999 0.562552834375
1 0.47516868125 0.59074921875 0.2146040984375 0.6322907875 0.2705751328125 0.8224325625000001 0.5150686328125 0.775081290625 0.47516868125 0.59074921875
1 0.30163445312500003 0.9788672875 0.5736452078125 0.9406853546875 0.516766478125 0.742824340625 0.261236853125 0.783411175 0.30163445312500003 0.9788672875
1 0.3418857421875 0.15951370468749998 0.106346828125 0.18005071875 0.1364433359375 0.3455368671875 0.3860304375 0.29311211875 0.3418857421875 0.15951370468749998
1 0.31217299375 0.03105139375 0.069199725 0.0448013546875 0.11352203281249999 0.198472396875 0.342734665625 0.1866344171875 0.31217299375 0.03105139375