1 0.5396711421875 0.9244223859374999 0.5020724203125 0.817481246875 0.4355346625 0.8210964765625001 0.46529923125000006 0.9263331062500001 0.5396711421875 0.9244223859374999
1 0.5951839484375 0.9199568812500001 0.5571846125000001 0.8168903796875 0.48831989687500005 0.816568221875 0.5281501421875 0.922249103125 0.5951839484375 0.9199568812500001
1 0.6548416718750001 0.9214762765625 0.6132232625 0.819355165625 0.5480662984375 0.8174292546874999 0.5875388734375 0.9212022718749999 0.6548416718750001 0.9214762765625
1 0.8401155484375 0.874303890625 0.8186378968750001 0.8261615859375 0.7654034359375 0.8279321124999999 0.784108521875 0.8410061734375001 0.80438496875 0.88363871875 0.809685278125 0.918986375 0.868280025 0.9205362328125 0.8401155484375 0.874303890625
1 0.939537034375 0.6893443765625 0.8595841984374999 0.685606528125 0.8801869906249999 0.7255555015625 0.963003846875 0.7298039203125 0.939537034375 0.6893443765625
1 0.9182673859375001 0.6557246 0.8363661171875 0.6513038046874999 0.8609741921875 0.6913448343749999 0.9424795625 0.6956412656250001 0.9182673859375001 0.6557246
1 0.8985366546875 0.6258538921875 0.8186504906250001 0.61876909375 0.8411142671875 0.6582918171875 0.9197841468749999 0.6619758984375 0.8985366546875 0.6258538921875
1 0.8783631062499999 0.594507090625 0.7965926609375 0.587228946875 0.8192785 0.6241771921875 0.8997557484375 0.629466203125 0.8783631062499999 0.594507090625
1 0.8197575390624999 0.5082311546875 0.7475757078124999 0.5017100203125 0.763076153125 0.5334903 0.8372793390625001 0.539964 0.8197575390624999 0.5082311546875
1 0.6085283 0.2786156359375 0.592260453125 0.24420328906250002 0.5631758125 0.2390358890625 0.5731641875 0.27233104375 0.6085283 0.2786156359375
1 0.5379953453125 0.2644875390625 0.5210245828125 0.23180868281250003 0.4819824890625 0.22583531875 0.4958344828125 0.2587502609375 0.5379953453125 0.2644875390625
1 0.441096115625 0.2166725171875 0.4594767 0.257992846875 0.499927846875 0.26134575781249997 0.48515494375 0.2253610578125 0.441096115625 0.2166725171875
1 0.40514100312499995 0.2083573125 0.4200632625 0.25036447812499996 0.4639606359375 0.25747053750000004 0.446459465625 0.21681115156250003 0.40514100312499995 0.2083573125
1 0.24582611718749997 0.178149828125 0.25522670625 0.22495476874999998 0.30164942968749997 0.232744215625 0.30407712187499997 0.23420706249999998 0.286454925 0.1858365484375 0.24582611718749997 0.178149828125
1 0.43314734218749995 0.321347475 0.3456129171875 0.3077996390625 0.360820421875 0.341918253125 0.449032546875 0.3519970328125 0.43314734218749995 0.321347475
1 0.3687199765625 0.3638308640625 0.460461259375 0.3778766515625 0.448590290625 0.34831290937500003 0.357552225 0.3343389046875 0.3687199765625 0.3638308640625
1 0.6116458046875 0.687147928125 0.5038886421875 0.6832656125 0.5224083625 0.72621535625 0.6339534375 0.73120214375 0.6116458046875 0.687147928125
1 0.4251683640625 0.779393909375 0.307111403125 0.7771205578125 0.31768373437499997 0.8145720921875 0.43376632812500004 0.8170054406249999 0.4251683640625 0.779393909375
1 0.338846940625 0.54550018125 0.2381322515625 0.5358560578125 0.2470465671875 0.5777251546875 0.350908428125 0.5847241453125 0.338846940625 0.54550018125
1 0.32723361562500003 0.5109306828125 0.22488333906250002 0.500531728125 0.23602239531250002 0.5398723750000001 0.338519165625 0.5489505375 0.32723361562500003 0.5109306828125
1 0.3171592078125 0.480110253125 0.2136275171875 0.468536325 0.22386287500000002 0.50707449375 0.3278836703125 0.5168130546875 0.3171592078125 0.480110253125
1 0.30426123125000004 0.44678151093749996 0.20430349531249997 0.43635080156250006 0.21476095 0.47231449531249997 0.3144394875 0.48304763125 0.30426123125000004 0.44678151093749996
1 0.2609619609375 0.331443903125 0.1690835359375 0.32116039218750003 0.179621384375 0.354077334375 0.2709351515625 0.36344569843749996 0.2609619609375 0.331443903125
1 0.25193889999999997 0.3082702703125 0.16072447343750002 0.293296371875 0.168692965625 0.3242781984375 0.261052075 0.3349212765625 0.25193889999999997 0.3082702703125
1 0.24375007656249997 0.2825154265625 0.15342985625 0.2701207234375 0.1591544125 0.29848297343749997 0.251348196875 0.312550603125 0.24375007656249997 0.2825154265625
1 0.2327309765625 0.258540765625 0.14591074843750002 0.2459846625 0.1542322671875 0.2765074765625 0.242809621875 0.28780023906249996 0.2327309765625 0.258540765625
1 0.225339046875 0.23506024218750002 0.1370521796875 0.22109563125 0.14765868124999998 0.250883140625 0.23373558593750002 0.2612649375 0.225339046875 0.23506024218750002
1 0.21531492187499998 0.21324255781249998 0.130064884375 0.1987321625 0.13910193906249999 0.224216159375 0.22258832968750003 0.23709889999999997 0.21531492187499998 0.21324255781249998
0 0.5064740984375 0.6078252453124999 0.5301400968750001 0.6064788109375 0.5580240453124999 0.6102775140625 0.57554143125 0.606265234375 0.5794396359375 0.5880571875 0.5704319140624999 0.5758608093750001 0.547946440625 0.5677699875 0.5056194109375001 0.569316490625 0.49310699218750004 0.5721824046874999 0.4857778546875 0.5789538109375 0.49417687343749994 0.6024935515625 0.5064740984375 0.6078252453124999
0 0.5264878734375 0.674538971875 0.5393569171875 0.681776771875 0.57803781875 0.6769912406249999 0.5989861390625 0.6844156 0.606493590625 0.68269605 0.617327425 0.6608623484375 0.6133246703124999 0.6475196046875 0.6033516156250001 0.63656286875 0.5729651828125 0.6333373484375 0.5367867656249999 0.6375496984375 0.5267768312500001 0.6398424296874999 0.51944769375 0.6466138359375 0.5264878734375 0.674538971875
0 0.463403028125 0.531114590625 0.47838104843749996 0.5409249609375 0.5095545 0.5378589765624999 0.5243542062500001 0.5426174890625 0.53186165625 0.5408979406250001 0.540549634375 0.5297411375000001 0.526967334375 0.50229590625 0.503123021875 0.49859048125000005 0.46251145937500004 0.5058553031249999 0.45632596718749996 0.5164389218750001 0.4601504078125 0.5247298093749999 0.463403028125 0.531114590625
0 0.4489291609375 0.47841007031249994 0.5041252359375 0.4841013703125 0.5116326875 0.48238182187499995 0.51781818125 0.471798203125 0.5067383640625 0.4437797875 0.48789902031250004 0.4389279984375 0.4369208953125 0.43838183593749996 0.42880473906249994 0.45144474375000004 0.433772825 0.4635478453125 0.4381690890625 0.4737448390625 0.4489291609375 0.47841007031249994
0 0.4246236703125 0.43305014062499997 0.431915928125 0.4395282015625 0.4438565234375 0.4347561796875 0.4536512640625 0.44066105625 0.493475809375 0.4396877375 0.49848077812499997 0.438541371875 0.5021637875 0.4285309375 0.4987328546875 0.4170942984375 0.49144059999999995 0.41061623750000004 0.46452198125 0.4055778890625 0.4258410796875 0.41036342187499997 0.42101442499999997 0.41656164375 0.4246236703125 0.43305014062499997
0 0.45644270625 0.40539133281249995 0.48432665625000004 0.4091900359375 0.49473009843750004 0.40375155156250003 0.4887966828125 0.3928880953125 0.46573938750000005 0.38289116875 0.44400405000000004 0.3817583140625 0.41590490625000004 0.38615721875000003 0.4110782515625 0.39235544375 0.41411567656250003 0.40693783281250007 0.4214079328125 0.41341589375 0.45644270625 0.40539133281249995
0 0.303158109375 0.7368956156250001 0.31098530625 0.7585292484374999 0.314237925 0.764914028125 0.3255698171875 0.77148536875 0.3623200578125 0.7691791265625 0.3907758296875 0.7748839359375 0.40579073125000004 0.7714448375 0.413335065625 0.756475821875 0.40876048750000005 0.7412269703125001 0.39839392500000004 0.7334159875 0.363611228125 0.7199934734375 0.344378375 0.718287434375 0.3107024421875 0.7219266 0.303158109375 0.7368956156250001
0 0.29418726875 0.71144976875 0.305697475 0.723072965625 0.34938334375 0.7171410671875 0.386490209375 0.7249385421875 0.3939976625 0.72321899375 0.3990395125 0.7088231609375 0.3883163234375 0.6909084609375 0.3596822375 0.6801517953125 0.3343007734375 0.675779909375 0.30562980781250004 0.6782727078125 0.29619169375 0.682471546875 0.28921918281250003 0.69934666875 0.29418726875 0.71144976875
0 0.27206451875000004 0.6421634734375 0.2745301203125 0.6548397578125 0.2791415796875 0.6568391421875 0.2837161578125 0.6720879937500001 0.29812235625 0.67999225625 0.3343007734375 0.675779909375 0.38005873437500004 0.685670046875 0.3862442296875 0.6750864265625001 0.3793823640625 0.6522131484375 0.36901580156249997 0.6444021656250001 0.340381715625 0.633645496875 0.29633922031250004 0.62947368125 0.2863292859375 0.6317664125 0.27206451875000004 0.6421634734375
0 0.28661824375 0.59706986875 0.2554447953125 0.6001358531250001 0.2486874796875 0.6088133640625 0.25115308125 0.6214896484375 0.2566929890625 0.63549885625 0.26802488125 0.6420701953125 0.29076243125 0.6287139390625 0.329799959375 0.6340321234374999 0.33730740937500003 0.632312575 0.358827553125 0.6416430390625 0.3673003359375 0.6386838453125 0.3573641625 0.6144776453125 0.3460322703125 0.6079063046875001 0.33237620625000003 0.6069600078125 0.3170046765625 0.6002953890625 0.28661824375 0.59706986875
0 0.223004553125 0.367190725 0.2024128609375 0.3698700828125 0.195655546875 0.37854759531250004 0.2044480734375 0.398941584375 0.20173039375 0.40771237656250003 0.2095575921875 0.429346009375 0.2224266359375 0.43658380937499996 0.24666445625 0.43714348281250004 0.2837713234375 0.44494095624999996 0.293781259375 0.44264822343750004 0.299966753125 0.43206460468749996 0.29596399687499997 0.418721859375 0.28867174218749997 0.4122437984375 0.2963943890625 0.402326640625 0.293535278125 0.392796109375 0.2856711984375 0.38441194218749997 0.2533909859375 0.3704162453125 0.223004553125 0.367190725
0 0.29696621093750003 0.4042327484375 0.2856711984375 0.38441194218749997 0.2533909859375 0.3704162453125 0.231083828125 0.36737728281250004 0.199910378125 0.37044326562499996 0.195655546875 0.37854759531250004 0.2017672765625 0.394462909375 0.2508147390625 0.39748836249999997 0.2902088953125 0.4129102609375 0.29696621093750003 0.4042327484375
0 0.24768495625 0.20875680000000002 0.25136796562499997 0.1987463625 0.2416469890625 0.166342553125 0.235713571875 0.155479096875 0.21687422656250002 0.15062730625 0.20454012187499998 0.15854507812500002 0.2127239453125 0.190282428125 0.21826385468749998 0.204291634375 0.2320982296875 0.210289790625 0.24768495625 0.20875680000000002
0 0.3255448171875 0.22759077656249999 0.33669839687500003 0.22911025624999998 0.3434557125 0.22043274375 0.329516784375 0.182883796875 0.322224528125 0.1764057375 0.30588766875 0.170980765625 0.29838021875 0.1727003140625 0.2966278703125 0.180231459375 0.308457821875 0.2152078390625 0.31171044062500003 0.2215926203125 0.3255448171875 0.22759077656249999
0 0.38609639218749997 0.313538615625 0.39360384375 0.31181906718749997 0.4251339203125 0.3188568 0.43514385468750005 0.31656406875 0.4413293484375 0.3059804484375 0.437898415625 0.294543809375 0.42696003125 0.28482671875 0.40504638125000003 0.2786420046875 0.3719422703125 0.2841872765625 0.367115615625 0.2903855015625 0.36958121718750003 0.303061784375 0.38609639218749997 0.313538615625
0 0.3734486359375 0.22680401562500002 0.3742725359375 0.207263046875 0.3660518296875 0.1887751640625 0.36183387968749997 0.183630028125 0.3424227125 0.1768721328125 0.3320192703125 0.1823106140625 0.34213375625000003 0.21156867343750002 0.347101840625 0.223671775 0.369015490625 0.22985648749999998 0.3734486359375 0.22680401562500002
0 0.40966393749999996 0.20934219999999998 0.39643826249999997 0.192000684375 0.38010140312499996 0.1865757125 0.36969795781250003 0.1920141953125 0.3786687984375 0.21746004062500002 0.38478052812499997 0.2333753546875 0.4097684859375 0.240892990625 0.414595140625 0.23469476718750001 0.40966393749999996 0.20934219999999998
0 0.556480484375 0.266364565625 0.5639879390625 0.2646450171875 0.5688145921875 0.25844679375 0.5684579640625 0.248343078125 0.5573781484375 0.2203246625 0.5531602 0.2151795265625 0.53374903125 0.20842163125000002 0.5233455874999999 0.2138601125 0.5286703 0.236066928125 0.542646109375 0.2603664109375 0.556480484375 0.266364565625
0 0.73503011875 0.46482543749999994 0.7494363171875 0.4727296984375 0.7781072828125 0.4702368984375 0.799092484375 0.464411790625 0.79644856875 0.4466836484375 0.7820423703125 0.4387793859375 0.765312 0.4365001640625 0.76087885625 0.4395526375 0.734710371875 0.441472253125 0.727381234375 0.4482436609375 0.73006203125 0.4527223359375 0.73503011875 0.46482543749999994
0 0.7589789812500001 0.50008165 0.772241534375 0.5041737000000001 0.787828259375 0.5026407078124999 0.810707240625 0.5075857781249999 0.8205388625 0.5002411890625 0.816751303125 0.478700834375 0.8023451046875 0.47079657187499996 0.791191525 0.4692770890625 0.7530824468749999 0.4759687296875 0.750758275 0.48159376875 0.7562981828125 0.495602975 0.7589789812500001 0.50008165
0 0.573204759375 0.33994297812499996 0.5766725734375 0.33813015 0.5743852859375 0.3305057234375 0.5549741187499999 0.323747828125 0.5382437515625 0.32146860625 0.5257313328125 0.3243345203125 0.5274467984375 0.330052840625 0.54031584375 0.33729064062499997 0.5472514734375 0.33366498437500003 0.573204759375 0.33994297812499996
0 0.548284471875 0.37722559843750003 0.5757749109375 0.38417005312499997 0.59479256875 0.39407369999999997 0.6051960140625 0.3886352171875 0.60791369375 0.3798644265625 0.6033391156250001 0.3646155734375 0.5678431671874999 0.330985628125 0.54975395625 0.3330918015625 0.5405310390625 0.3290930328125 0.5270532890624999 0.3331985921875 0.5394550640625 0.3700810765625 0.548284471875 0.37722559843750003
1 0.6149850734375 0.4177714375 0.611318965625 0.3926300828125 0.5574517609375 0.38620164375 0.5532241328125 0.39334204375000004 0.5624704703125001 0.40775655468750005 0.5944703437500001 0.41021552968749997 0.6149850734375 0.4177714375
0 0.6093402015625 0.4202792875 0.5947556875 0.4073231671875 0.5747726984375 0.3986591625 0.5668717390625 0.4035244640625 0.5701243593750001 0.40990924531250006 0.5783819453125 0.415147659375 0.580669234375 0.42277208593750004 0.6075878515625 0.427810434375 0.6093402015625 0.4202792875
0 0.5908574843750001 0.4255312125 0.582956521875 0.43039651250000005 0.590211896875 0.4501240390625 0.62903423125 0.4636398328125 0.6350045296875 0.461253821875 0.6377222078125 0.4524830296875 0.6292863078125001 0.44219275625 0.5908574843750001 0.4255312125
0 0.587137590625 0.448791115625 0.57405335 0.4497509234375 0.5719074921875 0.46042782187500003 0.584776540625 0.467665621875 0.5997914421874999 0.46422652500000006 0.6286407234375 0.4667855828125 0.6115537265625 0.4544026453125 0.587137590625 0.448791115625
0 0.5967171359375001 0.46289360156250003 0.586707203125 0.4651863328125 0.5878508453125 0.46899854531249996 0.5972520765625 0.47804917343750003 0.6041139421875 0.5009224515625 0.6019680859375 0.51159935 0.60965385 0.514931659375 0.627743059375 0.5128254859375 0.6715703609375 0.5251949109375 0.6783276765624999 0.5165173984375 0.6737531 0.501268546875 0.6495890421875 0.4742099421875 0.62105120625 0.4660460765625 0.6165218109375 0.46650574687499996 0.5967171359375001 0.46289360156250003
0 0.6018943234374999 0.5380982828125 0.6101519109375 0.5433367 0.63017178125 0.538751234375 0.6469021484375 0.54103045625 0.6751427249999999 0.554932875 0.6805412015625001 0.550640759375 0.6753948015625 0.5334858 0.6419709453125 0.5156778890625 0.5985002703125 0.5134121781250001 0.5931017953125 0.5177042953125001 0.59806988125 0.529807396875 0.6018943234374999 0.5380982828125
0 0.6410364015625001 0.5749672593749999 0.6566231250000001 0.5734342671875 0.6800739296875 0.5802854421875 0.682969921875 0.5765665078125 0.6766798796875 0.5555993375 0.6438278421875 0.5396975328125 0.612082571875 0.540857409375 0.6091865796875 0.54457634375 0.61587013125 0.5623977640625 0.63356583125 0.563437340625 0.6410364015625001 0.5749672593749999
0 0.6847899375 0.61383561875 0.69730235625 0.6109697046875 0.7021290109375 0.60477148125 0.6908339984375 0.584950675 0.6591256109375 0.572861084375 0.6435388828125 0.5743940765625 0.6458261734375 0.582018503125 0.65465558125 0.5891630234375 0.6584431421875 0.610703378125 0.6847899375 0.61383561875
0 0.72653905 0.6816822015625 0.7599997875 0.6862406453125 0.7673289265625 0.6794692390625 0.7566057374999999 0.6615545390625 0.715674428125 0.645466178125 0.6867882671875 0.6561565859375 0.6861795640625 0.667499946875 0.6803875781250001 0.6749378140625 0.683640196875 0.6813225968750001 0.6928631171874999 0.6853213671875 0.72653905 0.6816822015625
0 0.6628394046875 0.620900371875 0.6695229578124999 0.6387217921875 0.68164186875 0.639001628125 0.689505946875 0.64738579375 0.7075951546875 0.645279621875 0.7366227484375 0.6528905375 0.7425930484375 0.6505045265625 0.7393773109375 0.630870278125 0.7320850531249999 0.62439221875 0.69422805 0.6096367796875 0.67978496875 0.614981984375 0.6605521171875 0.613275946875 0.6628394046875 0.620900371875
0 0.7179556234375 0.7243897953125 0.733542346875 0.7228568046875 0.7700773921875 0.728748171875 0.7829833203125001 0.7227365046875 0.7857009984375 0.7139657125000001 0.7822700640625 0.7025290734375 0.77133168125 0.6928119828125 0.7513486921875 0.68414798125 0.7003705671875 0.6836018187499999 0.6955439140624999 0.6898000421875 0.701083821875 0.7038092484375 0.7179556234375 0.7243897953125
0 0.8428030453125 0.5878288078125 0.8576027515625 0.5925873187499999 0.8695433484375 0.5878152984375 0.875157021875 0.575325571875 0.8669363156250001 0.5568376890625 0.8338690874999999 0.5491334953125 0.8001931515624999 0.5527726609375 0.7934358359375 0.5614501734374999 0.799547565625 0.5773654859375 0.812988434375 0.58650939375 0.8428030453125 0.5878288078125
0 0.9015592953124999 0.7658564515624999 0.9157502984375 0.7819583234375 0.9340178203124999 0.78490400625 0.9819216390625 0.784117246875 0.9944340578125 0.7812513296875 0.9967582296874999 0.7756262890625 0.9921836515625 0.7603774390625 0.9812452671875 0.7506603484375 0.964336584375 0.7433292687499999 0.934521975 0.7420098546875 0.9039203468749999 0.74698194375 0.8990936921875001 0.7531801671875 0.9015592953124999 0.7658564515624999
0 1 0.7902972796875 0.9905727343749999 0.786209909375 0.96383243125 0.78622341875 0.9468868671875 0.79214180625 0.9439908734375001 0.795860740625 0.9512462484374999 0.8155882671875 0.9652589375 0.8266382812499999 1 0.8308261531250001 1 0.7902972796875
0 0.73989239375 0.8524713265624999 0.7613018874999999 0.9015501921875 0.7768517328125 0.9132666671875 0.7880053109375 0.9147861468749999 0.8030202140625 0.91134705 0.8080620640625 0.8969512171874999 0.8017720203125001 0.875984046875 0.7881897203125 0.848538815625 0.7761076921875001 0.8350095124999999 0.753050396875 0.8250125859375 0.7430404625 0.8273053171875 0.736283146875 0.83598283125 0.73989239375 0.8524713265624999
0 0.711290665625 0.9072164796875001 0.7308801453125 0.919026234375 0.7414619046875 0.9186396078125 0.7514718375 0.9163468765625 0.7590161734375 0.9013778609375 0.750438840625 0.8727862640625 0.7337822328125 0.844008109375 0.719197721875 0.8310519890625001 0.7034326828124999 0.827533121875 0.6930292390624999 0.8329716062499999 0.7117579390625 0.877571796875 0.7076814203125 0.890727984375 0.711290665625 0.9072164796875001
0 0.626286075 0.8289065765625001 0.64197735 0.8589243765625 0.6562729046875 0.9065770390625 0.6726097640625001 0.9120020109375 0.6962757640625 0.910655578125 0.7036049 0.9038841718749999 0.7100424734375 0.8718534765625 0.6842367125 0.81257761875 0.6525283203125001 0.800488028125 0.6344391109374999 0.8025942015625 0.627109975 0.8093656093750001 0.6230334562500001 0.822521796875 0.626286075 0.8289065765625001
1 0.8142721625 0.8233639734375 0.8580326328125001 0.9193671875 0.9195703828124999 0.9243600546874999 0.86899843125 0.8279390296875 0.8142721625 0.8233639734375
1 0.33955723125000004 0.60423565 0.36285430937499996 0.613583615625 0.3507013109375 0.578906084375 0.24319402499999998 0.570324340625 0.25256575625 0.5975458703125 0.2855653 0.5950351 0.319932978125 0.5990941078125 0.33955723125000004 0.60423565
1 0.5159259078125 0.48203337187499995 0.4193405515625 0.4740609734375 0.43115826718749994 0.5116536 0.4520950390625 0.5130264015625 0.5282223515625 0.5111031359375 0.5255655484374999 0.4986656390625 0.5159259078125 0.48203337187499995
1 0.45857800156249995 0.58144865 0.4811182875 0.5791644125000001 0.557249390625 0.5718198890624999 0.5447374218750001 0.5443247515625 0.4461550359375 0.5382376171875001 0.45857800156249995 0.58144865
1 0.49062631718749994 0.6419040781249999 0.5642851062500001 0.63766378125 0.5888182203125 0.63856420625 0.5759122624999999 0.6122441249999999 0.4700986140625 0.60454878125 0.49062631718749994 0.6419040781249999
1 0.44438822812499995 0.37969938124999997 0.46528128750000003 0.38272704218750003 0.461513478125 0.37265259687499996 0.3648029328125 0.35927346875 0.3783396578125 0.3935938484375 0.4062646984375 0.396655778125 0.422309625 0.3835227203125 0.44438822812499995 0.37969938124999997
1 0.2002577015625 0.36916293125 0.226779109375 0.3663769328125 0.25540668593750004 0.369411725 0.2757863734375 0.3773502484375 0.269672653125 0.3576732046875 0.1761376484375 0.3475563859375 0.1866768171875 0.3826875515625 0.19238403906249998 0.3789138671875 0.2002577015625 0.36916293125
1 0.8158083703125 0.5467718046875001 0.8460963906250001 0.5491288421875 0.837108215625 0.53308885625 0.7592515609375 0.5304129390625001 0.7775958078125 0.5633886953125 0.79117768125 0.5617077312500001 0.8006318265625 0.5509628906249999 0.8158083703125 0.5467718046875001
1 0.9623141515625001 0.7216132156249999 0.8769378640625 0.7208023015625 0.8963371078125 0.7510341265625 0.9771747421875 0.74503025 0.9623141515625001 0.7216132156249999
1 0.9699842500000001 0.920369078125 0.9120930062499999 0.8258379375 0.8601336312500001 0.825394859375 0.91329551875 0.9205683656250001 0.9699842500000001 0.920369078125
1 0.9991564265624999 0.9220637093749999 0.9461099546874999 0.8257748265625 0.9070459078124999 0.8283165359375 0.9601843796875 0.92437715 0.9991564265624999 0.9220637093749999