0 0.6139552140625 0.49272039687499997 0.6100434875 0.5217498421875 0.613239928125 0.54191770625 0.6222238609375 0.5520526203125 0.636734509375 0.5540898796875 0.6572934328125 0.544158890625 0.6630138703124999 0.4907345171875 0.6495463499999999 0.48095607500000004 0.6255469687499999 0.4835023484375 0.6139552140625 0.49272039687499997
0 0.6100937796875 0.5542934078124999 0.6063925390625 0.5488439890625 0.61112014375 0.535704365625 0.6102707390625 0.49811883437500004 0.60630871875 0.4946047125 0.5859938125 0.4917525515625 0.56569566875 0.49974824375000004 0.5599584671875 0.5423247609375 0.565274690625 0.56870596875 0.5774215359375 0.5773130375 0.591932184375 0.5793502968750001 0.60668685 0.5686044031249999 0.6100937796875 0.5542934078124999
0 0.5298437515625001 0.5134478640625 0.5066267156250001 0.5101882515625 0.49503496093750005 0.5194063 0.4866564109375 0.55964006875 0.48985285312500004 0.579807934375 0.4988367875 0.5899428484375 0.5133474359375 0.5919801078125 0.52836288125 0.5792989171875 0.530937171875 0.5382502453125 0.5375237765625 0.5332592593750001 0.5369854484375 0.526281996875 0.5298437515625001 0.5134478640625
0 0.4122777015625 0.56300085 0.4173331421875 0.591317353125 0.42657786093750005 0.5995169703125 0.4352842484375 0.6007393249999999 0.45636473437499997 0.58693774375 0.45186438593749995 0.576446359375 0.46104204531250004 0.54125455625 0.4417702671875 0.5306612078125 0.41883077812499997 0.5363141546875 0.4122777015625 0.56300085
0 0.35263689062500003 0.544767884375 0.3455957796875 0.59702088125 0.35722106249999996 0.6094985453125 0.3748946203125 0.6100079578125001 0.3862255921875 0.6027252046875 0.3861920640625 0.5810294953125 0.3951089421875 0.5477729890624999 0.390087028125 0.5411521968749999 0.3668699921875 0.5378925828125001 0.35263689062500003 0.544767884375
0 0.3110310078125 0.590196165625 0.315270575 0.602622846875 0.327417421875 0.611229915625 0.3471940015625 0.607104815625 0.34952427343750003 0.57883929375 0.352376109375 0.5467031796875 0.3307405296875 0.54267964375 0.31940955625 0.549962396875 0.3110310078125 0.590196165625
0 0.309904059375 0.543698075 0.29146491874999997 0.5598424046875 0.2872924078125 0.59080714375 0.290749628125 0.6090397140625 0.3089615171875 0.6165263921874999 0.3168687953125 0.6127067796875 0.31659124843750003 0.603794221875 0.311291790625 0.5882608703125001 0.31993112031250004 0.546091803125 0.309904059375 0.543698075
0 0.26878620937500003 0.5635600546874999 0.239764915625 0.5594855375 0.2347597671875 0.5637126 0.22612043437499998 0.6058816671875 0.229316875 0.62604953125 0.2414637203125 0.6346566015625 0.25833816875000004 0.6301240484374999 0.2654463375 0.6212624703125 0.26619515625 0.593760871875 0.27356410625 0.582963996875 0.2735473421875 0.5721161421875001 0.26878620937500003 0.5635600546874999
0 0.185717875 0.5765463343749999 0.17864323437500002 0.6071036234375 0.1918667375 0.62966521875 0.20057312500000002 0.6308875734375 0.2124256609375 0.619734228125 0.2110882234375 0.607715 0.2194835375 0.5783290859375 0.2144616234375 0.5717082921875 0.2002117578125 0.5677357390625 0.185717875 0.5765463343749999
0 0.043520975 0.7320821828125 0.053287256250000005 0.7364112078125 0.0886343734375 0.7374300359375 0.10022612812500001 0.7282119875 0.101252490625 0.7096229468749999 0.0899047546875 0.70605784375 0.0540360734375 0.708909609375 0.0427051015625 0.7161923609375 0.043520975 0.7320821828125
0 0.113576296875 0.66205544375 0.12174435937500001 0.6563005375000001 0.122770721875 0.637711496875 0.10852085468749999 0.6337389421874999 0.07213061093749999 0.6404612984375 0.06503920468749999 0.6601707328125 0.086414003125 0.6661295640625 0.113576296875 0.66205544375
0 0.08452147343750001 0.6362852171875 0.1193302625 0.6303267828125 0.1237803203125 0.6082746015625 0.10056328437499999 0.6050149874999999 0.0773630125 0.612603228125 0.07237462812499999 0.627678146875 0.07607586718750001 0.6331275656249999 0.08452147343750001 0.6362852171875
0 0.0868182171875 0.5863239859375 0.08499274531249999 0.5998710578125 0.08895476718749999 0.6033851796875 0.10636754374999999 0.605829890625 0.124562665625 0.6024687125 0.13563285625 0.59712125625 0.13665921875 0.578532215625 0.12531148281249999 0.5749671125 0.0981491890625 0.5790412328125 0.0868182171875 0.5863239859375
0 0.0957518609375 0.5639153328125001 0.117126659375 0.569874165625 0.141386821875 0.5653925921875 0.14665275312499998 0.559230234375 0.14741833437500002 0.542576490625 0.138972728125 0.5394188390625 0.10890830468749998 0.5430855078125 0.09731655156249999 0.5523035562499999 0.0957518609375 0.5639153328125001
0 0.11435119687499999 0.48074857499999996 0.10644391875 0.4845681875 0.1046184453125 0.4981152609375 0.11676529218750001 0.5067223296875001 0.1341780671875 0.5091670390624999 0.140764671875 0.5041760546875 0.1555361015625 0.5042780171875 0.1642257265625 0.494652515625 0.16446974375 0.481869365625 0.150480659375 0.4759615140625 0.11435119687499999 0.48074857499999996
0 0.28081570624999996 0.4962321375 0.29530958906250004 0.48742154062500004 0.302678540625 0.476624665625 0.315069403125 0.47244858437500004 0.3287474140625 0.447748165625 0.3118562 0.44143286249999997 0.3007860109375 0.44678031875 0.282624415625 0.47183720781250005 0.28081570624999996 0.4962321375
0 0.24385360312499998 0.47428152187499995 0.241245784375 0.49363448437499996 0.244947025 0.49908390156250004 0.26526193125 0.5019360640625 0.27923425156250004 0.49699605937499997 0.282624415625 0.47183720781250005 0.30262824843749997 0.4440811 0.28231334218750004 0.44122893906250005 0.25200490000000003 0.4576787578125 0.24385360312499998 0.47428152187499995
0 0.247260534375 0.45997052343749995 0.2396140375 0.46185484062500004 0.2319843046875 0.4745870109375 0.22911570312500001 0.49587526875 0.23493672812500002 0.507538028125 0.2428440046875 0.5037184156250001 0.247260534375 0.45997052343749995
0 0.31508616875 0.4832964390625 0.3208904265625 0.48411134218749996 0.3261563578125 0.4779489828125 0.341449353125 0.47418035312500006 0.3461601890625 0.45019287500000005 0.334551671875 0.44856306874999996 0.3229599171875 0.45778111718750003 0.31559096875 0.46857799218749996 0.31508616875 0.4832964390625
0 0.3888762578125 0.4404148296875 0.38175132500000003 0.43842855312499995 0.37043711875 0.45655915937499997 0.3678460625 0.48675997656250003 0.37681323437500003 0.486047034375 0.3852420765625 0.47835683125 0.3888762578125 0.4404148296875
0 0.4748467234375 0.42783599843750003 0.467216990625 0.44056816875000004 0.46356604375000005 0.46766231718749995 0.467006503125 0.47504703125000003 0.48652229843750006 0.4728572265625 0.47911981875 0.461958390625 0.4904507921875 0.4546756390625 0.500999415625 0.453198775 0.510437859375 0.416071675 0.49276429843749997 0.41556226250000006 0.4748467234375 0.42783599843750003
0 0.455835725 0.41530735625000004 0.44135860625 0.43496580781249994 0.43480553125 0.4616525046875 0.43668129687499996 0.48064899531250005 0.45119194531250006 0.4826862546875 0.46542504687499997 0.47581095468749995 0.467216990625 0.44056816875000004 0.48169410937499996 0.42090971718750003 0.48115578125 0.41393245468749995 0.4698080453125 0.41036735156250004 0.455835725 0.41530735625000004
0 0.39202240625 0.4280391296875 0.384442965625 0.4733148640625 0.43350162187499997 0.47132898437500004 0.43767413125 0.4403642453125 0.44820599375 0.4280395265625 0.4463469921875 0.41989089062499996 0.4518737046875 0.41179323281249997 0.44659100937499996 0.40710773749999996 0.4320803609375 0.40507047968750004 0.39202240625 0.4280391296875
0 0.3575807296875 0.4706507765625 0.3644448828125 0.47457235000000003 0.3833720578125 0.432861715625 0.3691221921875 0.4288891625 0.357791221875 0.43617191406250005 0.3430533203125 0.45776566250000006 0.3428093015625 0.47054881406250004 0.3575807296875 0.4706507765625
0 0.5328390203125 0.4034414671875 0.5154430078125001 0.41184461250000004 0.50438958125 0.4280399234375 0.5017817625000001 0.44739288593750004 0.5069608375 0.4609885359375 0.5344928343750001 0.4604176171875 0.5387103359375 0.44764779218750006 0.543454703125 0.445356025 0.547383196875 0.4271744359375 0.5457682125 0.4062426484375 0.5328390203125 0.4034414671875
0 0.6406555546875 0.3604073109375 0.6259176531249999 0.382001059375 0.62226670625 0.40909520625000007 0.6273053859375 0.42656385312499995 0.6502616390625 0.43175876406249997 0.6647555234375 0.4229481671875 0.6770625640625 0.364532809375 0.669399303125 0.3555692703125 0.65488865625 0.35353201093750003 0.6406555546875 0.3604073109375
0 0.635389625 0.3665696703125 0.6182376296875 0.3621896625 0.607428221875 0.3656018234375 0.5853213687500001 0.3979924453125 0.5834958953125 0.41153952031249996 0.5868077984375 0.43005335625 0.5898552484375 0.430179540625 0.608588696875 0.433795625 0.61387139375 0.43848112031250003 0.6249415828125 0.43313366562500005 0.6209627984375 0.41877168749999993 0.626178434375 0.3800657625 0.635389625 0.3665696703125
0 0.5555177296875 0.39972381874999996 0.5452466484375 0.410113240625 0.5495029812500001 0.4333877765625 0.56321451875 0.43038306875 0.5749364953125 0.43171392343750004 0.5832351140625 0.41347481718749995 0.5921519921875 0.380218309375 0.5749999953125 0.375838303125 0.5570824203125 0.388112040625 0.5555177296875 0.39972381874999996
1 0.443963665625 0.275852490625 0.431376403125 0.3450308984375 0.461412553125 0.3358409140625 0.4629893515625 0.26837531718749996 0.443963665625 0.275852490625
0 0.4026809359375 0.326996271875 0.41166486874999997 0.3371311859375 0.41746912812500003 0.3379460890625 0.4317022296875 0.331070790625 0.442966146875 0.280396615625 0.4289770609375 0.274488765625 0.40603757187499995 0.2801417109375 0.40108271562500003 0.3169123390625 0.4026809359375 0.326996271875
0 0.5355064515625 0.2519789453125 0.5349681234375 0.24500168437499997 0.5228212765625 0.2363946125 0.508310628125 0.23435735468750002 0.4943383078125 0.239297359375 0.482014503125 0.2868648625 0.48309115937499997 0.3008193890625 0.4920750921875 0.3109543015625 0.5097486515625 0.311463715625 0.527405446875 0.301125275 0.528936609375 0.2678177859375 0.5355232156249999 0.2628268015625 0.5355064515625 0.2519789453125
0 0.49303439843749997 0.248973840625 0.48643103125 0.2431169703125 0.46901825312499995 0.2406722609375 0.4611109765625 0.244491871875 0.45217733281249994 0.26690052343750004 0.45302673593750004 0.30448605624999997 0.46148910625 0.3184915625 0.47626053593749995 0.3185935234375 0.4891729640625 0.31054685000000004 0.48309115937499997 0.3008193890625 0.49303439843749997 0.248973840625
0 0.7474550437499999 0.1713090703125 0.7210918609375 0.18042515625 0.713983690625 0.1892867359375 0.7069425796875 0.24153973281250002 0.7085408 0.2516236671875 0.7180462984375 0.2578879875 0.729654815625 0.25951779531249997 0.7509960859375 0.243780915625 0.7561949609374999 0.19422713593750002 0.7569605421875 0.17757339218749998 0.7474550437499999 0.1713090703125
0 0.8144145109375 0.1462015984375 0.799104753125 0.139122371875 0.771959225 0.154044346875 0.7701337515625 0.16759142031250002 0.759341109375 0.1818514359375 0.7604512921875 0.21750167187499997 0.7670546625 0.2233585421875 0.7847282203125 0.22386795625000003 0.809232403125 0.20660323281249998 0.8112851296875 0.169425153125 0.8175941890624999 0.1555216078125 0.8144145109375 0.1462015984375
0 0.8844176687499999 0.383785396875 0.877015190625 0.3728865609375 0.8625045437500001 0.37084930312500003 0.8203100375 0.37675675625 0.7902623796875 0.39127127968750003 0.7871329953124999 0.41449483593750003 0.7963777125 0.422694453125 0.813790490625 0.4251391640625 0.8203770953125 0.420148178125 0.8478001718750001 0.41413876250000003 0.871538771875 0.4135277828125 0.8836520875 0.4004391421875 0.8844176687499999 0.383785396875
0 0.8818769078124999 0.44652978125000004 0.8810610328124999 0.430639959375 0.8851397921874999 0.41981108125000005 0.8607907609375 0.41528346406249994 0.8490660734375 0.415855496875 0.8045625375000001 0.4277874 0.7903294359374999 0.4346627015625 0.78139579375 0.457071353125 0.791162075 0.461400378125 0.8304544500000001 0.45508547187500004 0.8650192234375 0.46191018906250003 0.8792523234375 0.4550348890625 0.8818769078124999 0.44652978125000004
0 0.8693090828125 0.5068804359375 0.8726824828125 0.47087372812500006 0.8333565796875 0.455492925 0.7671626921875 0.463946653125 0.759255415625 0.4677662640625 0.75162568125 0.480498434375 0.746115734375 0.49944394531249997 0.7503553015625 0.5118706265624999 0.7654042765625 0.520885146875 0.7741106656250001 0.522107503125 0.7835993984375 0.5175239687500001 0.8228917750000001 0.5112090640625 0.8550759828125001 0.5137557375 0.8693090828125 0.5068804359375
0 0.6989570546875 0.7067751531249999 0.688913228125 0.69353356875 0.6685983234374999 0.69068140625 0.65015918125 0.7068257375 0.6372802828124999 0.736568121875 0.6362706828125 0.76600501875 0.6505373125 0.780825428125 0.667950090625 0.7832701375 0.691932709375 0.7698760078125 0.6874323578125 0.7593846234375 0.692908778125 0.7187434015624999 0.6994953828125 0.7137524156249999 0.6989570546875 0.7067751531249999
0 0.5984759421875 0.717316725 0.5898366109375 0.759485790625 0.5940761796875 0.771912471875 0.608603590625 0.7847975843749999 0.6373473390625 0.7799595421875 0.63389011875 0.7617269734375001 0.646718725 0.6994410234374999 0.620860340625 0.6938386624999999 0.60636645625 0.702649259375 0.5984759421875 0.717316725
0 0.6047850015625 0.7034131796875001 0.5968609578125 0.6963849359375 0.5794481828125 0.6939402265625 0.5588892578125 0.703871215625 0.5578461296875 0.7116124015625 0.5475750500000001 0.722001825 0.538153371875 0.769976778125 0.5521592203125001 0.786732484375 0.5637677390625 0.7883622921875 0.5906524859375 0.7753756125 0.5869344812499999 0.7590783390625 0.5898030828125 0.7377900796875 0.6047850015625 0.7034131796875001
0 0.5326601890625 0.7997701453125 0.543730378125 0.7944226890625 0.5463549609375 0.78591758125 0.5458166328125 0.7789403171875 0.535512025 0.7676340296874999 0.543369009375 0.7312708531250001 0.5554655640624999 0.7073343578125 0.5367321140625 0.7037182734375 0.5290856171875 0.7056025874999999 0.5188145375000001 0.7159920093750001 0.5169890625 0.729539084375 0.50567485625 0.747669690625 0.5054811296875 0.7929964078125 0.5149866296875001 0.79926073125 0.5326601890625 0.7997701453125
0 0.49163547812499997 0.709218275 0.4660881703125 0.7342241828125 0.45614492812499996 0.7860697296875 0.46486808125 0.798139940625 0.4851829890625 0.8009921015625 0.5049595671875 0.796867 0.501763128125 0.7766991359375 0.5064572015625 0.7418638015625 0.51723308125 0.7167559328124999 0.5093090390625 0.7097276890625001 0.49163547812499997 0.709218275
0 0.44469660781250003 0.7174174953125 0.42575266718749993 0.7482802734375 0.4207978109375 0.7850509015625 0.4229175953125 0.7912642421875 0.43506444218749996 0.7998713125 0.446672959375 0.8015011187500001 0.4545802375 0.7976815078125 0.4597623484375 0.737279871875 0.4726580109375 0.71838534375 0.4526038859375 0.713597884375 0.44469660781250003 0.7174174953125
0 0.29597271406250003 0.74583476875 0.2915394203125 0.7787348046875 0.3000017921875 0.7927403109375 0.3203166984375 0.7955924734375001 0.332430015625 0.7825038328125 0.33161414218749996 0.7666140109375 0.3420957109375 0.7217457265625 0.3310087578125 0.7162453281250001 0.31439509062500004 0.718842584375 0.29597271406250003 0.74583476875
0 0.2819501015625 0.7182312078125 0.26695141875 0.7417602515625 0.2617357828125 0.780466178125 0.270458934375 0.7925363890625 0.28496958125 0.7945736453125 0.292876859375 0.790754034375 0.2917666734375 0.7551037984375 0.310971396875 0.722305725 0.31043306875 0.7153284625 0.2930202921875 0.7128837515625001 0.2819501015625 0.7182312078125
1 0.7079750828125 0.6849652046875 0.691734590625 0.785946703125 0.7374535109375 0.7872585390625 0.750571190625 0.6837364765625 0.7079750828125 0.6849652046875
1 0.757455153125 0.62647563125 0.7492475453125 0.6754674765625001 0.86505544375 0.6676461328125 0.868986246875 0.6199524734375 0.757455153125 0.62647563125
1 0.877209940625 0.5650979171875 0.7569820453125 0.5794917093749999 0.752795628125 0.6363578296875 0.8724088203125 0.6254239171875 0.877209940625 0.5650979171875
1 0.8801677546875 0.5122767734375 0.7617262203124999 0.5288537515625 0.7619189656249999 0.5871750390625 0.8759631999999999 0.57435014375 0.8801677546875 0.5122767734375
1 0.8913766890625 0.352968053125 0.8967756234375001 0.31893604375 0.7872789234375001 0.343407940625 0.78553223125 0.39076333124999996 0.8893639437499999 0.369940415625 0.8913766890625 0.352968053125
1 0.46427392031250003 0.5273299828125 0.452125365625 0.6169761515625 0.49200846093750006 0.6102381078125 0.49728834375000003 0.5214298937499999 0.46427392031250003 0.5273299828125
1 0.42739502187499995 0.6117017734375 0.4241224609375 0.59989669375 0.42274625468749993 0.5371607515625 0.3974562484375 0.5406402203125 0.38443919531250004 0.62317734375 0.42739502187499995 0.6117017734375
1 0.5405663781250001 0.24102863124999999 0.5243649546875 0.3161474796875 0.5694047078125 0.30221088125 0.5839841515625 0.230105934375 0.5405663781250001 0.24102863124999999
1 0.6440399046875 0.280678528125 0.65504989375 0.2047365890625 0.6109716015625 0.2193076296875 0.5968279640625 0.2926893796875 0.6440399046875 0.280678528125
1 0.604094671875 0.2928992171875 0.6168511671875 0.217610671875 0.5769925796875001 0.232365959375 0.5637135468750001 0.3038430265625 0.604094671875 0.2928992171875
1 0.4010313296875 0.302073371875 0.4011777546875 0.2919638953125 0.386054921875 0.29591870937500003 0.3745978546875 0.35387475468749996 0.40695489531250006 0.34383032812500003 0.40422536875 0.33250668437500003 0.40078489375000004 0.3174363765625 0.4010313296875 0.302073371875
1 0.6838109171875 0.2675385171875 0.6959123421875 0.193144190625 0.6489218640625001 0.2080225328125 0.638511625 0.276255584375 0.6838109171875 0.2675385171875
1 0.689135078125 0.1938134625 0.6797645109375 0.2678653390625 0.7143616671874999 0.2606828796875 0.7048333453125 0.244236459375 0.70448315 0.228789628125 0.712028346875 0.1998640796875 0.7160689140625001 0.1834128578125 0.689135078125 0.1938134625
1 0.540706234375 0.5105072125000001 0.523111525 0.5975604531250001 0.5713166609375 0.594629496875 0.573885996875 0.5085534578125 0.540706234375 0.5105072125000001
1 0.279616125 0.56299511875 0.26849009375 0.6252622531250001 0.29874056250000003 0.61957190625 0.2992702671875 0.55882283125 0.279616125 0.56299511875
1 0.1403054265625 0.4599647390625 0.18957517343750002 0.44621682187499995 0.1994461421875 0.41356576250000004 0.1486544328125 0.425074021875 0.1403054265625 0.4599647390625
1 0.1853417796875 0.47763337968749997 0.1917937421875 0.44328671249999996 0.142088140625 0.45575781875 0.134595209375 0.483198584375 0.1853417796875 0.47763337968749997
1 0.16879360625 0.5057001609375 0.124126625 0.5141883421875 0.11733393750000001 0.54021110625 0.1613627359375 0.5382886109375 0.16879360625 0.5057001609375
1 0.1320849046875 0.6665282718750001 0.08079893593750001 0.6722390468749999 0.069625221875 0.7059780609375 0.0826366375 0.7041580125 0.1008105203125 0.7091408125 0.1216316515625 0.708012034375 0.1320849046875 0.6665282718750001
1 0.10261242500000001 0.7377128328125 0.0834047171875 0.8054583078125 0.1140531625 0.8045378171875001 0.1303873921875 0.7347984859375 0.10261242500000001 0.7377128328125
1 0.1409093765625 0.8053172749999999 0.15575499843750001 0.7334929640625 0.1255361640625 0.7355775015625 0.1115449328125 0.8041856671875 0.1409093765625 0.8053172749999999
1 0.1905956921875 0.8022531125000001 0.2069407703125 0.727538228125 0.1722290203125 0.7304520890624999 0.1575619296875 0.8040758015625 0.1905956921875 0.8022531125000001
1 0.16495759375000002 0.8029129796875001 0.1809573859375 0.7307041296875 0.151032503125 0.7333166375 0.13606716562500001 0.803734875 0.16495759375000002 0.8029129796875001
1 0.217697790625 0.8008860578125001 0.2340956375 0.7238067499999999 0.19723828593749998 0.7290962578125 0.183513128125 0.80114873125 0.217697790625 0.8008860578125001
1 0.24479988593750002 0.7995190062499999 0.26276233437499996 0.7249112296875 0.225799821875 0.7255622734375 0.211881565625 0.7990477515625 0.24479988593750002 0.7995190062499999
1 0.2771916 0.7262070125 0.2519162484375 0.724118534375 0.23969301562499998 0.798572059375 0.26958269218750003 0.7984348140625 0.2700362859375 0.792854671875 0.2771916 0.7262070125
1 0.34801312812499996 0.715221784375 0.33379864375 0.7958893640625 0.370909378125 0.7972828609375 0.38686376562499997 0.7141057625 0.34801312812499996 0.715221784375
1 0.4049374109375 0.7961413140625 0.42217798125000006 0.7093296546875 0.38235326875000003 0.712255734375 0.3687461515625 0.7969791500000001 0.4049374109375 0.7961413140625
1 0.4004194671875 0.7944555453125 0.43472985625 0.796383928125 0.4527760609375 0.7071572546875 0.4144535328125 0.7119822546875 0.4004194671875 0.7944555453125
1 0.22154040625000002 0.576915578125 0.21302362656249998 0.639192778125 0.23650156406249997 0.638275525 0.24305257187499998 0.570577875 0.22154040625000002 0.576915578125
1 0.793987075 0.2961116765625 0.7835871062499999 0.35163019375000004 0.899251115625 0.3251906296875 0.9071116546875 0.27346524843750003 0.793987075 0.2961116765625
1 0.91084893125 0.226576803125 0.7986747203125 0.25901269375 0.7925789578125 0.30791330625 0.905900875 0.2864276515625 0.91084893125 0.226576803125
1 0.910997940625 0.19573134375 0.7992747890625 0.22978388125000002 0.799502746875 0.266444146875 0.90844415 0.2378140421875 0.910997940625 0.19573134375