0 0.5859449234375 0.491967453125 0.5786901453125 0.5205517937499999 0.5859545500000001 0.53327829375 0.607188140625 0.5441279078125 0.623300590625 0.5397133843749999 0.6380188015625 0.487629559375 0.6227313453125001 0.4710726546875 0.608553503125 0.4678646890625 0.5964525796875 0.47419441406249996 0.5859449234375 0.491967453125
0 0.54734695625 0.45502324375000003 0.536706615625 0.4969469421875 0.5524777234375 0.5115982234375 0.572326703125 0.5160893765625 0.5773055328125001 0.51419333125 0.59216605625 0.4792696890625 0.59271605 0.4652887375 0.5981785328125 0.46148706875 0.6003881375 0.44687410468750005 0.5907718171874999 0.43160038749999996 0.576593975 0.4283924203125 0.562141134375 0.43217492812499997 0.54734695625 0.45502324375000003
0 0.5086730187499999 0.38884352187500004 0.4965720953125 0.3951732484375 0.48606443906249996 0.41294628749999995 0.47874331875 0.45360595625 0.48600772187499997 0.46633245624999997 0.5086922687500001 0.471465203125 0.5201008875 0.461956246875 0.523211453125 0.455607365625 0.5189912718749999 0.448607309375 0.5319835312500001 0.409230828125 0.5228508609375 0.3920514890625 0.5086730187499999 0.38884352187500004
0 0.43383862500000003 0.358813159375 0.41856079375000005 0.3835670953125 0.41462523593749995 0.41088740625 0.4337155640625 0.42427465781249996 0.45549914999999996 0.4211433203125 0.46019335781250004 0.38492691093750003 0.468282753125 0.3766819859375 0.4539626015625 0.3563138359375 0.445455896875 0.35438905625 0.43383862500000003 0.358813159375
0 0.369654196875 0.3281699390625 0.356595596875 0.3796217484375 0.36717922187499996 0.3910842203125 0.38986376875 0.3962169671875 0.3969858609375 0.3917832859375 0.40119641718750004 0.3574725015625 0.4093521578125 0.3371522453125 0.4016041 0.3263313671875 0.3850743421875 0.320576184375 0.369654196875 0.3281699390625
0 0.327822603125 0.36303610937499997 0.3355706609375 0.3738569890625 0.3570792484375 0.377716128125 0.366477290625 0.3465941515625 0.3749080265625 0.31928341875 0.3581696125 0.3084433828125 0.3437167734375 0.31222589218749996 0.335143725 0.322376440625 0.327822603125 0.36303610937499997
0 0.305688053125 0.3439224125 0.316688984375 0.365554590625 0.32685529999999996 0.3668473546875 0.3346600734375 0.32428206406250004 0.3453763828125 0.31159387656250004 0.3489706015625 0.30333937187500004 0.34309080937499997 0.2969713328125 0.3234504859375 0.29756503125 0.3134264828125 0.31343245 0.305688053125 0.3439224125
0 0.2874794328125 0.2561775625 0.27302659218750003 0.25996007187500003 0.2625189375 0.27773311093749997 0.2547141625 0.320298403125 0.2577583859375 0.32602485 0.28611407031249997 0.3324407828125 0.29371981406250003 0.326101478125 0.297797684375 0.31594135 0.2950284578125 0.303224428125 0.3046351546875 0.2771873046875 0.30138227500000003 0.2663760046875 0.2874794328125 0.2561775625
0 0.21908445 0.259845128125 0.2141815875 0.2909766828125 0.224281559375 0.304344778125 0.238943053125 0.305647121875 0.2460651453125 0.3012134421875 0.249308396875 0.2707138984375 0.255045878125 0.25992175781250004 0.2482651265625 0.2452896328125 0.23975842187500002 0.24336485312499997 0.21908445 0.259845128125
0 0.134263515625 0.10967433124999999 0.14201157343749998 0.120495209375 0.1741037875 0.13581681875 0.1859297125 0.13647757031250002 0.1919421890625 0.118694953125 0.1846777859375 0.10596845156250001 0.15161826875 0.0944580859375 0.1409683 0.09507094375 0.134263515625 0.10967433124999999
0 0.133106809375 0.1910224046875 0.1642317203125 0.2101552609375 0.1788932140625 0.2114576046875 0.1849056921875 0.19367498593750002 0.17950955156249998 0.1854013234375 0.15592404375 0.17200449375 0.133931803125 0.17005097656249998 0.133106809375 0.1910224046875
0 0.1275116421875 0.21897472968749998 0.1461183203125 0.2342676046875 0.16880286718749998 0.23940035 0.1729470796875 0.21716489375 0.14299812812499998 0.1993056453125 0.134007771875 0.1992864875 0.1285452890625 0.20308815624999998 0.1275116421875 0.21897472968749998
0 0.129797215625 0.233597275 0.1264116515625 0.2469366328125 0.1341597078125 0.2577575109375 0.157745215625 0.2711543421875 0.169571140625 0.2718150921875 0.17558361875 0.2540324734375 0.1673519125 0.2451172171875 0.1517894578125 0.235550790625 0.134776046875 0.23170123125000003 0.129797215625 0.233597275
0 0.1233770546875 0.282521028125 0.130641459375 0.295247528125 0.1570625359375 0.3092859515625 0.1660528921875 0.309305109375 0.17158171718749998 0.2934281125 0.169021146875 0.28579604375 0.1482712078125 0.2730408078125 0.1262789671875 0.27108729062500003 0.1233770546875 0.282521028125
0 0.12428764218749999 0.3320959515625 0.1098348015625 0.33587846093749996 0.10644923906249999 0.3492178203125 0.1123290296875 0.355585859375 0.1439375921875 0.37281309218750003 0.1590827375 0.3722098140625 0.163644259375 0.3601440625 0.1592154234375 0.3480591546875 0.1455212328125 0.342945565625 0.1413010515625 0.33594551250000004 0.12428764218749999 0.3320959515625
0 0.2645583890625 0.42327865468750003 0.2719651046875 0.4531653390625 0.2801968125 0.46208059375 0.2981775265625 0.462118909375 0.2947823390625 0.4341474265625 0.284891021875 0.42586418593750003 0.28212179531250003 0.41314726406249996 0.272021821875 0.39977916874999997 0.2645583890625 0.42327865468750003
0 0.23446712656250002 0.388259225 0.22963060781250003 0.40731545156250004 0.2309488765625 0.4257492421875 0.2528084328125 0.45185341562500003 0.2726574125 0.45634456874999996 0.2645583890625 0.42327865468750003 0.2708458640625 0.398505559375 0.2597785875 0.3889487109375 0.239929609375 0.38445755937500004 0.23446712656250002 0.388259225
0 0.221057559375 0.417466 0.227421003125 0.42192841875 0.23972095468750002 0.3793727046875 0.2338411640625 0.373004665625 0.22409215625 0.38188160625 0.2187719859375 0.40284345468750005 0.221057559375 0.417466
0 0.293815034375 0.437958671875 0.296584259375 0.45067559375000005 0.3038486640625 0.4634020953125 0.31519093593749997 0.46596846875000003 0.3198188015625 0.44182738906249996 0.307091915625 0.4329025546875 0.30453134375 0.4252704859375 0.2988602078125 0.4239873 0.293815034375 0.437958671875
0 0.3436889328125 0.48954458437500004 0.3510196796875 0.49019575625 0.3618686765625 0.45335691093749997 0.356956190625 0.44317762656250004 0.348933134375 0.43934722343750005 0.3400187453125 0.46856357812500005 0.3436889328125 0.48954458437500004
0 0.43621941875000003 0.485292896875 0.430273284375 0.4910001859375 0.4235021578125 0.517678903125 0.4257877328125 0.5323014484375 0.43775596875 0.55012238125 0.4542857265625 0.5558775640625 0.459463584375 0.5177555328125 0.45026457343750004 0.512651521875 0.44251651875000003 0.50183064375 0.45344148281249996 0.494227309375 0.43621941875000003 0.485292896875
0 0.41028199374999996 0.4693488515625 0.4014339484375 0.486489875 0.397498390625 0.5138101859375 0.40352049218749997 0.5373384078125001 0.41458776875 0.5468952578125 0.42641369375 0.5475560078124999 0.42952425937500005 0.541207125 0.4235021578125 0.517678903125 0.4350434609375 0.48401928906249997 0.4244598359375 0.4725568171875 0.41028199374999996 0.4693488515625
0 0.3592417625 0.45780017031250003 0.34929372812500004 0.5029030999999999 0.37772537968750003 0.53855454375 0.391903221875 0.5417625109374999 0.3985416625 0.5392344515625 0.39646474375 0.5296967593749999 0.40123491875 0.5227158640625 0.3961137765625 0.5074517234375 0.40385220781250003 0.47696176250000005 0.3592417625 0.45780017031250003
0 0.320693028125 0.4832098578125 0.32844108437499997 0.49403073593749997 0.343102578125 0.4953330796875 0.3412246875 0.4495694015625 0.33341028906250003 0.4508238515625 0.3197161 0.4457102625 0.315154578125 0.4577760125 0.320693028125 0.4832098578125
0 0.4580126296875 0.5234724 0.4531761109375 0.5425286265625 0.4573299515625 0.5616040109375 0.470265490625 0.5756136984375 0.4832673734375 0.57754805625 0.49259907187499996 0.558501409375 0.49577598125 0.540077196875 0.4922481046875 0.5362563734375 0.49313119843750003 0.5228018624999999 0.4678920046875 0.512557671875 0.4580126296875 0.5234724
0 0.54828641875 0.628530690625 0.55382486875 0.6539645359375 0.56440849375 0.6654270078125 0.5785863359375 0.6686349734375 0.58902765 0.6629372625000001 0.5995256796875 0.6038533828125 0.5894257078125 0.5904852875 0.5662575078125001 0.5872581640625001 0.5550575453125 0.6018519734375001 0.54828641875 0.628530690625
0 0.55166235625 0.573880490625 0.5329893359375 0.570662946875 0.5301247515624999 0.5697065171875 0.5201297640625 0.5858887703125 0.5167442 0.599228128125 0.525051878125 0.6373788953124999 0.5337672375 0.6443885296875 0.5512642999999999 0.646332465625 0.5478027671875 0.6304363125 0.5574758046875 0.5923238609375 0.56653250625 0.5802676875 0.558300796875 0.5713524328124999 0.55166235625 0.573880490625
0 0.484234678125 0.5737368109375 0.48983947343749995 0.587095328125 0.4869375609375 0.5985290625 0.49890579687500003 0.616349996875 0.5164028609375 0.618293934375 0.520613415625 0.583983146875 0.519771734375 0.5639639062499999 0.508436525 0.5610773609375 0.496885596875 0.553426134375 0.484234678125 0.5737368109375
1 0.355109921875 0.67755811875 0.3789171234375 0.6137768484375 0.3545905875 0.594572234375 0.34032100625 0.6638415 0.355109921875 0.67755811875
0 0.3160544328125 0.6102404031249999 0.306865046875 0.646447234375 0.3259553765625 0.6598344859374999 0.341100521875 0.6592312078125 0.34966394375 0.6077698171875 0.33908031875 0.5963073453125001 0.3334091828125 0.5950241593750001 0.3213082609375 0.601353884375 0.3160544328125 0.6102404031249999
0 0.3979445765625 0.6479124140625 0.385843653125 0.6542421390625 0.379622521875 0.66693990625 0.37320236093750003 0.7158636578124999 0.3842696375 0.7254205078125 0.398447478125 0.7286284734375 0.41290031875000005 0.7248459640625 0.416010884375 0.71849708125 0.4200887546875 0.7083369546875 0.41586857187500004 0.7013368984375 0.426926225 0.6695829078125 0.41447433437500003 0.653667596875 0.3979445765625 0.6479124140625
0 0.34442936875 0.6992780187500001 0.35030915937499996 0.7056460578125 0.3673225703125 0.7094956171875 0.3756206203125 0.7063355453125 0.385843653125 0.6542421390625 0.3951090078125 0.6472708218750001 0.38618499375000004 0.6351763359375 0.372490803125 0.6300627453125001 0.3594225765625 0.6402037171875 0.344562053125 0.675127359375 0.34442936875 0.6992780187500001
0 0.5705921593750001 0.7887370921875 0.5575335578125 0.8401889046875001 0.5607864359375 0.851000203125 0.58174503125 0.8688402937499999 0.5928786484375 0.866321815625 0.598407475 0.85044481875 0.6121583828125 0.8021722390624999 0.59832188125 0.779898465625 0.58697960625 0.7773320921875 0.5758459874999999 0.7798505734375001 0.5705921593750001 0.7887370921875
0 0.6110583921875 0.830134140625 0.596681521875 0.8631521624999999 0.6013190125000001 0.8803219234374999 0.5979334484375001 0.89366128125 0.6174410859374999 0.917218240625 0.6342458421875 0.915982946875 0.6406756296875 0.908370034375 0.640049665625 0.8931154749999999 0.6520746203125001 0.8575502374999999 0.6358862015625 0.8327292515625 0.6193564421875 0.82697406875 0.6110583921875 0.830134140625
0 0.7381271921875 0.654357259375 0.7211137796875 0.6505077 0.709496509375 0.654931803125 0.7036926859375 0.677799275 0.72603589375 0.7019978250000001 0.762831940625 0.7224138671875 0.7770097828125 0.7256218343749999 0.787934746875 0.7180185 0.793463571875 0.70214150625 0.787166471875 0.685603759375 0.7654492296875001 0.6766597671875 0.7423473734375 0.6613573140625 0.7381271921875 0.654357259375
0 0.72013685 0.6130081046875 0.720004165625 0.6371587625 0.730587790625 0.648621234375 0.7672624328125 0.675497353125 0.777887546875 0.68016814375 0.8020934593750001 0.68451178125 0.8023779609374999 0.6729251515625 0.8090827453125 0.6583217625 0.8098413953125 0.6494256640625 0.7992577703125 0.6379631921875 0.764747296875 0.6321696953125 0.73078681875 0.612395246875 0.72013685 0.6130081046875
0 0.7377569734375 0.5494905421875 0.72925026875 0.5475657625 0.7119618609375 0.550706678125 0.7033888125 0.5608572281249999 0.7013878609375 0.580555046875 0.703673434375 0.59517759375 0.7095532265625 0.6015456328125001 0.7675828640625 0.6328112875 0.8096990828124999 0.6322654812499999 0.8200644265625 0.5973322609375 0.8094808015625 0.5858697890625 0.7787732 0.5769066390625001 0.744812721875 0.557132190625 0.7377569734375 0.5494905421875
0 0.7374145984375 0.26730513437500003 0.7204011859375 0.26345557343750003 0.7016618218749999 0.2723133578125 0.6915714765625001 0.30025610468749997 0.69233975 0.3326708453125 0.7033406859375 0.354303025 0.7231896625 0.3587941765625 0.7374338484375 0.349926815625 0.7405444140624999 0.34357793281250004 0.73632423125 0.336577878125 0.7464809234375 0.2965598015625 0.75457031875 0.288314875 0.7374145984375 0.26730513437500003
0 0.6562927281250001 0.2620478640625 0.64848795625 0.3046131546875 0.6502898765625 0.32114132500000003 0.6603898484374999 0.3345094171875 0.686393615625 0.338378134375 0.6978589515625 0.275483009375 0.7078829546875001 0.25961559218749997 0.6831214875 0.24494515468750003 0.6648657765625 0.251897315625 0.6562927281250001 0.2620478640625
0 0.6316639484375 0.22322676874999997 0.61244093125 0.23399017500000002 0.603185203125 0.28227233281249997 0.6087899984375 0.29563085 0.6068553890625 0.30325333906249996 0.622142846875 0.31981024375 0.6391562578125 0.323659803125 0.64911391875 0.319867715625 0.6481369890625001 0.2823681203125 0.653457159375 0.2614062703125 0.6629975124999999 0.2474444765625 0.643006221875 0.2257931421875 0.6316639484375 0.22322676874999997
0 0.5740612453125 0.2434416578125 0.5777314312499999 0.2644226640625 0.5743458671874999 0.2777620234375 0.5799506609375 0.2911205390625 0.5863141046875 0.29558295625 0.604987125 0.29880050156250004 0.6027678937500001 0.27210262812499997 0.6091217109375 0.2352542046875 0.6228822453125 0.2282924640625 0.6259928109375 0.22194358125 0.626751459375 0.21304748281250002 0.618519753125 0.20413222812499998 0.6019899953125 0.1983770453125 0.5908563734375 0.2008955234375 0.5740612453125 0.2434416578125
0 0.5552362859375 0.181753090625 0.5426517109375 0.18998843906250001 0.5324286781249999 0.2420818421875 0.5466824890625 0.2745253203125 0.5632122484375001 0.280280503125 0.573169909375 0.276488415625 0.5726102890625 0.24915852656249998 0.5813160234375 0.21485732031250002 0.591823678125 0.197084278125 0.5750852656250001 0.1862442421875 0.5552362859375 0.181753090625
0 0.51387871875 0.1734027984375 0.50959219375 0.1784780734375 0.5004028093749999 0.214684903125 0.50635856875 0.2502884546875 0.5122383593750001 0.2566564953125 0.532570990625 0.259242025 0.527724846875 0.2369874109375 0.5455536234375 0.1785547015625 0.53967383125 0.1721866625 0.528331559375 0.16962028906249998 0.51387871875 0.1734027984375
0 0.3877290953125 0.13881423125 0.3795070125 0.17120981562499998 0.3864300765625 0.2030021234375 0.400816575 0.21129494218749997 0.4131261515625 0.21005007031249998 0.42023861875 0.1643055484375 0.42694340156250005 0.1497021609375 0.42064630156250005 0.133164415625 0.400797321875 0.1286732609375 0.3877290953125 0.13881423125
0 0.3734089421875 0.11844608281249999 0.3608243671875 0.1266814296875 0.35115133125 0.164793884375 0.3562061296875 0.1921333515625 0.3644378359375 0.20104860625 0.38145124531249996 0.20489816562500002 0.3845618125 0.198549284375 0.379089703125 0.16104011093749998 0.3934665765625 0.1280220890625 0.3875867859375 0.12165405 0.3734089421875 0.11844608281249999
1 0.776522821875 0.3897191703125 0.8031632640625 0.2880777875 0.760405415625 0.27318439687499996 0.7376033828125 0.3735461578125 0.776522821875 0.3897191703125
1 0.862109878125 0.49125323906249996 0.8763365125 0.44517105468749996 0.7722025046875001 0.397001659375 0.7614435703125 0.445808653125 0.862109878125 0.49125323906249996
1 0.8673229859375 0.4873326609375 0.7608366421875 0.4349043953125 0.7434113625000001 0.489672675 0.8491703125000001 0.54556013125 0.8673229859375 0.4873326609375
1 0.8514825453125001 0.5364497687500001 0.7508527843749999 0.48421326562499994 0.72883408125 0.5388009390625 0.832123990625 0.5961044046875 0.8514825453125001 0.5364497687500001
1 0.6991295015625 0.676607209375 0.6830103609375 0.721602165625 0.775074340625 0.7831499375 0.7828276062499999 0.7493529953125 0.7873227625 0.73273759375 0.6991295015625 0.676607209375
1 0.48158435 0.45250420468749997 0.5099606078125001 0.3674158625 0.475612475 0.34703655312500004 0.45327242031250004 0.43533241875 0.48158435 0.45250420468749997
1 0.3964847953125 0.39929552031250004 0.418562084375 0.4114748140625 0.44332811093749996 0.353167303125 0.45077439375 0.3432582703125 0.41535969531249994 0.317355603125 0.3964847953125 0.39929552031250004
1 0.4526367890625 0.756090975 0.466160571875 0.68337656875 0.42974093281250003 0.65443265625 0.416587984375 0.7305435218749999 0.4526367890625 0.756090975
1 0.48794736875 0.7019704265625 0.47354254375 0.775727696875 0.5088357359375 0.8049271171875001 0.5270963375 0.7298756515625 0.48794736875 0.7019704265625
1 0.46151038125 0.6798400203125 0.447019515625 0.7515074203125 0.47834264375 0.779391425 0.494743934375 0.7043363828125 0.46151038125 0.6798400203125
1 0.33156360625 0.587085103125 0.3054114125 0.5662612874999999 0.2942995953125 0.6246149812499999 0.3067994484375 0.633654290625 0.3104499390625 0.62412858125 0.31597534375 0.609644278125 0.3247996421875 0.596734459375 0.33156360625 0.587085103125
1 0.520329178125 0.7320710546875 0.5044009859374999 0.799686653125 0.5422713796874999 0.8302010390625 0.5589434015625 0.7562150203125 0.520329178125 0.7320710546875
1 0.563543709375 0.799818503125 0.569652084375 0.7854660421874999 0.5846198578124999 0.7734134828125 0.5553249390625 0.754481775 0.5362565140625 0.8271838328125 0.5572616359375 0.8464289468749999 0.5596869359375 0.829586821875 0.563543709375 0.799818503125
1 0.5475759015625 0.4915834765625 0.5774348640625 0.41001146093749996 0.53396740625 0.3902651875 0.51763326875 0.4780516796875 0.5475759015625 0.4915834765625
1 0.3125221875 0.3476304578125 0.3347821671875 0.2905128171875 0.30894693281249996 0.2745122984375 0.295914634375 0.3367893796875 0.3125221875 0.3476304578125
1 0.12319260781250001 0.4198581578125 0.165839240625 0.4485547828125 0.16894101875 0.41447492812500003 0.1285401421875 0.384216134375 0.12319260781250001 0.4198581578125
1 0.1319618671875 0.3604288890625 0.12861280625 0.3887873125 0.16989477343749998 0.41800325312500003 0.17679236250000002 0.383540078125 0.1319618671875 0.3604288890625
1 0.1773385703125 0.3182409765625 0.1373544296875 0.3009125625 0.1338890234375 0.32769517187499997 0.17200439843749998 0.351401653125 0.1773385703125 0.3182409765625
1 0.1530208984375 0.1642988546875 0.1982955453125 0.18773668125 0.204166734375 0.1451739421875 0.1853405625 0.13677354218749999 0.166673040625 0.1350341421875 0.15532572656250002 0.1287400140625 0.1530208984375 0.1642988546875
1 0.2222924640625 0.1231587984375 0.233308078125 0.052042498437499994 0.205318675 0.0403716921875 0.1977062265625 0.11063278593749999 0.2222924640625 0.1231587984375
1 0.2308573765625 0.0514879875 0.21809929375 0.120717959375 0.24525560624999998 0.13332814843750002 0.2584282171875 0.060782871875 0.2308573765625 0.0514879875
1 0.2733583859375 0.067818834375 0.259346875 0.1419874578125 0.2903462625 0.1569592703125 0.30321512500000003 0.08117631875 0.2733583859375 0.067818834375
1 0.2533590671875 0.0605582078125 0.2408236859375 0.1318280046875 0.2675105296875 0.1448293140625 0.279760128125 0.0715166515625 0.2533590671875 0.0605582078125
1 0.29625380625000003 0.079713621875 0.2819598953125 0.1520775859375 0.31405322343750003 0.17003237499999999 0.3277587421875 0.092015 0.29625380625000003 0.079713621875
1 0.32169329375 0.091686671875 0.307041259375 0.1654616734375 0.3409688453125 0.17910662187499998 0.352302359375 0.1028536796875 0.32169329375 0.091686671875
1 0.3748077453125 0.1126093796875 0.3472265 0.101940171875 0.3306449171875 0.1760246234375 0.3547937796875 0.1829807609375 0.3731374015625 0.1179987578125 0.3748077453125 0.1126093796875
1 0.45165261250000005 0.2329972921875 0.4680516453125 0.14942177343750002 0.43322137656250004 0.1376405890625 0.41615360468749996 0.218250740625 0.45165261250000005 0.2329972921875
1 0.46593803281249996 0.1489435359375 0.446789903125 0.233140415625 0.48251158906249997 0.24992676406249997 0.499082653125 0.1624915515625 0.46593803281249996 0.1489435359375
1 0.47636379218749997 0.24471686093749997 0.50998560625 0.2627530328125 0.5267162609375 0.172770490625 0.494274571875 0.162478115625 0.47636379218749997 0.24471686093749997
1 0.2649517125 0.3167890859375 0.284247215625 0.25103619374999997 0.262885646875 0.2418971 0.24743735625 0.3032634609375 0.2649517125 0.3167890859375
1 0.7676016953125 0.829407778125 0.779705159375 0.7781614515624999 0.6826764421875 0.7125947828125 0.671500171875 0.7682913640625 0.7676016953125 0.829407778125
1 0.771336584375 0.8168331156249999 0.6746179296875 0.7567349265625001 0.6619407890625 0.80471168125 0.7534976906249999 0.8746671156250001 0.771336584375 0.8168331156249999
1 0.7554826890624999 0.8632881187500001 0.6654892640625001 0.7980393171875 0.6515497609375 0.832315003125 0.74208425 0.9036264046875001 0.7554826890624999 0.8632881187500001