0 0.4736328125 0.5939531859375 0.4541015625 0.5998049421875 0.4453125 0.6100455140625 0.4453125 0.6246749031250001 0.4580078125 0.6436931078125 0.51171875 0.64223016875 0.51953125 0.6276007796874999 0.513671875 0.6041937578125001 0.5029296875 0.5939531859375 0.4736328125 0.5939531859375
0 0.5 0.5866384921875001 0.5 0.5661573468750001 0.4892578125 0.5471391421875 0.4462890625 0.5471391421875 0.4208984375 0.555916775 0.4140625 0.569083225 0.4140625 0.5837126140625 0.4267578125 0.5968790640625 0.44140625 0.598342003125 0.4462890625 0.5939531859375 0.4599609375 0.5968790640625 0.4970703125 0.5910273078125 0.5 0.5866384921875001
0 0.4189453125 0.47691807500000005 0.3994140625 0.48276983125 0.390625 0.493010403125 0.390625 0.5076397921875 0.4052734375 0.5208062421874999 0.4462890625 0.5178803640625 0.4521484375 0.5237321203125 0.458984375 0.52226918125 0.470703125 0.513491546875 0.470703125 0.490084525 0.4599609375 0.47984395312499994 0.4189453125 0.47691807500000005
0 0.3779296875 0.41254876406249996 0.37109375 0.4227893375 0.37109375 0.43156697031249996 0.3876953125 0.45058517499999995 0.3974609375 0.4447334203125 0.43359375 0.44912223593749995 0.44140625 0.4286410921875 0.4326171875 0.40669700937500003 0.4052734375 0.40377113124999997 0.3779296875 0.41254876406249996
0 0.3623046875 0.3423276984375 0.3515625 0.3554941484375 0.353515625 0.3730494140625 0.3623046875 0.3832899875 0.3837890625 0.380364109375 0.41796875 0.3847529265625 0.423828125 0.3789011703125 0.423828125 0.3554941484375 0.4150390625 0.3423276984375 0.3623046875 0.3423276984375
0 0.3642578125 0.307217165625 0.3525390625 0.3130689203125 0.345703125 0.3262353703125 0.3525390625 0.3452535765625 0.380859375 0.3437906375 0.4130859375 0.3423276984375 0.4140625 0.320383615625 0.4052734375 0.3101430421875 0.3642578125 0.307217165625
0 0.3916015625 0.28381014375 0.3603515625 0.28381014375 0.3427734375 0.2896618984375 0.337890625 0.30868010468749996 0.3427734375 0.3159947984375 0.3515625 0.314531859375 0.3662109375 0.307217165625 0.4091796875 0.3101430421875 0.41015625 0.2999024703125 0.3916015625 0.28381014375
0 0.3369140625 0.22529258749999997 0.3173828125 0.23114434374999998 0.310546875 0.24431079375000003 0.3173828125 0.2604031203125 0.3271484375 0.2662548765625 0.3544921875 0.2633289984375 0.3662109375 0.26918075468749997 0.376953125 0.267717815625 0.384765625 0.261866059375 0.384765625 0.2326072828125 0.3798828125 0.228218465625 0.3369140625 0.22529258749999997
0 0.3291015625 0.17847854375 0.30859375 0.194570871875 0.30859375 0.20334850468750001 0.3212890625 0.2135890765625 0.3330078125 0.21066319843749998 0.36328125 0.21505201562499998 0.369140625 0.20920025937500003 0.37109375 0.194570871875 0.3603515625 0.181404421875 0.3291015625 0.17847854375
0 0.1865234375 0.0614434328125 0.18359375 0.0716840046875 0.1875 0.1067945390625 0.1982421875 0.1170351109375 0.216796875 0.11557217187499999 0.21875 0.1038686609375 0.2109375 0.068758128125 0.2021484375 0.058517554687499994 0.1865234375 0.0614434328125
0 0.2578125 0.0950910265625 0.265625 0.1214239265625 0.2724609375 0.12873862187500001 0.291015625 0.12727568281249999 0.29296875 0.11264629374999999 0.28125 0.0775357609375 0.2607421875 0.07314694375 0.2578125 0.0950910265625
0 0.2890625 0.0804616390625 0.287109375 0.089239271875 0.2978515625 0.122886865625 0.3203125 0.12434980468750001 0.3203125 0.10094278281249999 0.3095703125 0.0789987 0.2939453125 0.076072821875 0.2890625 0.0804616390625
0 0.3232421875 0.0848504546875 0.3203125 0.089239271875 0.3203125 0.1067945390625 0.326171875 0.12434980468750001 0.3330078125 0.1345903765625 0.3515625 0.1331274375 0.353515625 0.1214239265625 0.345703125 0.0950910265625 0.3369140625 0.0848504546875 0.3232421875 0.0848504546875
0 0.3603515625 0.0907022109375 0.357421875 0.11264629374999999 0.365234375 0.136053315625 0.3720703125 0.1404421328125 0.388671875 0.13897919375 0.390625 0.1302015609375 0.3828125 0.10094278281249999 0.3720703125 0.0907022109375 0.3603515625 0.0907022109375
0 0.4267578125 0.0907022109375 0.419921875 0.1038686609375 0.419921875 0.1214239265625 0.42578125 0.12727568281249999 0.427734375 0.141905071875 0.4384765625 0.149219765625 0.451171875 0.1477568265625 0.455078125 0.1331274375 0.4453125 0.09801690468749999 0.4404296875 0.0907022109375 0.4267578125 0.0907022109375
0 0.453125 0.26479193749999996 0.4638671875 0.2779583875 0.4755859375 0.28381014375 0.4814453125 0.2955136546875 0.5078125 0.3057542265625 0.51171875 0.288198959375 0.5048828125 0.2779583875 0.4775390625 0.2633289984375 0.453125 0.26479193749999996
0 0.4501953125 0.22529258749999997 0.4453125 0.22968140468749998 0.4453125 0.25016254843749997 0.4521484375 0.2633289984375 0.4775390625 0.2633289984375 0.5078125 0.27942132656249996 0.5078125 0.25894018281250003 0.4873046875 0.23114434374999998 0.4697265625 0.22529258749999997 0.4501953125 0.22529258749999997
0 0.435546875 0.220903771875 0.4404296875 0.228218465625 0.484375 0.2267555265625 0.4814453125 0.21944083281250001 0.4677734375 0.2135890765625 0.4462890625 0.2135890765625 0.435546875 0.220903771875
0 0.470703125 0.29697659375 0.470703125 0.3028283484375 0.4775390625 0.307217165625 0.4833984375 0.3218465546875 0.5078125 0.3233094921875 0.5078125 0.31160598125 0.4970703125 0.301365409375 0.4853515625 0.2955136546875 0.470703125 0.29697659375
0 0.4765625 0.3584200265625 0.4853515625 0.3657347203125 0.5234375 0.36427178125 0.5244140625 0.3569570875 0.5048828125 0.348179453125 0.474609375 0.3496423921875 0.4765625 0.3584200265625
0 0.5068359375 0.44180754218749996 0.5 0.446196359375 0.5048828125 0.4652145640625 0.5146484375 0.45643693125 0.5234375 0.466677503125 0.5263671875 0.47691807500000005 0.564453125 0.4813068921875 0.5625 0.463751625 0.5478515625 0.4476592984375 0.5341796875 0.44180754218749996 0.5068359375 0.44180754218749996
0 0.5087890625 0.41254876406249996 0.490234375 0.41693758125 0.490234375 0.43156697031249996 0.4990234375 0.4447334203125 0.5341796875 0.44180754218749996 0.5556640625 0.453511053125 0.5625 0.4520481140625 0.564453125 0.44034460312499996 0.5576171875 0.427178153125 0.5361328125 0.4154746421875 0.5087890625 0.41254876406249996
0 0.490234375 0.36427178125 0.4990234375 0.41254876406249996 0.5302734375 0.41254876406249996 0.5439453125 0.42132639843749997 0.5517578125 0.4184005203125 0.560546875 0.4227893375 0.564453125 0.41693758125 0.564453125 0.40230819218749997 0.5361328125 0.3657347203125 0.490234375 0.36427178125
0 0.487184496875 0.32270798125 0.489137621875 0.33733736875 0.486207934375 0.34465206406250004 0.530153246875 0.3578185140625 0.532106371875 0.343189125 0.523317309375 0.332948553125 0.499879809375 0.3212450421875 0.487184496875 0.32270798125
0 0.5517578125 0.47691807500000005 0.5322265625 0.47691807500000005 0.5194806265625 0.4838552984375 0.523874709375 0.511021090625 0.537109375 0.513491546875 0.5400390625 0.5178803640625 0.55859375 0.519343303125 0.5791015625 0.5149544859375 0.580078125 0.5017880359375 0.5693359375 0.485695709375 0.5517578125 0.47691807500000005
0 0.6142578125 0.5910273078125 0.5869140625 0.5910273078125 0.5703125 0.598342003125 0.568359375 0.621749025 0.5791015625 0.634915475 0.638671875 0.6393042906249999 0.646484375 0.6305266578125 0.646484375 0.6158972687500001 0.6376953125 0.60273081875 0.6142578125 0.5910273078125
0 0.5791015625 0.552990896875 0.5612246421875 0.558736365625 0.5615234375 0.56176853125 0.560546875 0.5807867359375 0.556640625 0.5866384921875001 0.5634765625 0.5968790640625 0.5771484375 0.5910273078125 0.6162109375 0.5910273078125 0.630859375 0.598342003125 0.6328125 0.5807867359375 0.6279296875 0.5705461640625 0.5927734375 0.552990896875 0.5791015625 0.552990896875
0 0.5751953125 0.5149544859375 0.552734375 0.52226918125 0.5576171875 0.53543563125 0.55792906875 0.5472115453125 0.5771484375 0.552990896875 0.611328125 0.5573797140625001 0.61328125 0.539824446875 0.5986328125 0.5237321203125 0.5869140625 0.5237321203125 0.5751953125 0.5149544859375
1 0.6940926796875 0.39683757656249996 0.623822878125 0.3936065359375 0.637102146875 0.42210091250000004 0.7041443390625 0.4146658671875 0.6940926796875 0.39683757656249996
0 0.6376953125 0.3628088421875 0.62890625 0.3730494140625 0.62890625 0.3789011703125 0.6376953125 0.39206762031250003 0.689453125 0.39645643750000004 0.693359375 0.38182704843750004 0.6845703125 0.359882965625 0.6474609375 0.359882965625 0.6376953125 0.3628088421875
0 0.7373046875 0.44180754218749996 0.6884765625 0.4359557875 0.6748046875 0.43888166406250007 0.666015625 0.44912223593749995 0.66796875 0.466677503125 0.6806640625 0.48276983125 0.7138671875 0.47984395312499994 0.7197265625 0.485695709375 0.73046875 0.4842327703125 0.7373046875 0.48276983125 0.744140625 0.46960338124999995 0.744140625 0.4549739921875 0.7373046875 0.44180754218749996
0 0.732421875 0.41693758125 0.7275390625 0.40962288750000003 0.7041015625 0.40377113124999997 0.6669921875 0.40962288750000003 0.654296875 0.41986345937499997 0.65625 0.4344928484375 0.666015625 0.446196359375 0.6748046875 0.43888166406250007 0.7275390625 0.44180754218749996 0.732421875 0.4344928484375 0.732421875 0.41693758125
0 0.8173828125 0.652470740625 0.7646484375 0.652470740625 0.7548828125 0.65539661875 0.75 0.665637190625 0.75 0.6773407015624999 0.7685546875 0.6963589078125 0.818359375 0.69489596875 0.8349609375 0.6934330296875 0.83984375 0.6831924578125 0.8271484375 0.658322496875 0.8173828125 0.652470740625
0 0.8466796875 0.7051365406250001 0.8310546875 0.6963589078125 0.7958984375 0.7022106625 0.791015625 0.7095253578125 0.79296875 0.7270806234375 0.8134765625 0.7490247078125 0.8505859375 0.7460988296875 0.865234375 0.750487646875 0.8740234375 0.7460988296875 0.87890625 0.7300065015625 0.8603515625 0.7051365406250001 0.8466796875 0.7051365406250001
0 0.6279296875 0.7548764625 0.6044921875 0.7548764625 0.59765625 0.765117034375 0.59765625 0.7826723015625 0.603515625 0.7885240578125 0.61328125 0.8148569578125 0.6171875 0.8382639796875001 0.6318359375 0.8485045515625 0.6484375 0.8470416125 0.658203125 0.8382639796875001 0.658203125 0.823634590625 0.646484375 0.7826723015625 0.6279296875 0.7548764625
0 0.6117569046875 0.816338415625 0.59375 0.77389466875 0.5849609375 0.76072821875 0.5615234375 0.7548764625 0.55859375 0.765117034375 0.5703125 0.8031534453125 0.568359375 0.8382639796875001 0.5771484375 0.8514304296875 0.5859375 0.85289336875 0.6015625 0.849967490625 0.612855415625 0.852559453125 0.613953925 0.8278633 0.6117569046875 0.816338415625
0 0.5341796875 0.7285435625 0.5146484375 0.7256176859375 0.5029296875 0.731469440625 0.49609375 0.74756176875 0.49609375 0.7563394015625 0.501953125 0.765117034375 0.513671875 0.8031534453125 0.515625 0.8353381015625001 0.5244140625 0.8485045515625 0.560546875 0.8470416125 0.5703125 0.8060793234375 0.552734375 0.7417100125 0.5478515625 0.7343953187500001 0.5341796875 0.7285435625
0 0.2646484375 0.6495448640625 0.2353515625 0.652470740625 0.22265625 0.6685630687499999 0.22265625 0.6861183359374999 0.2392578125 0.70806241875 0.2490234375 0.7022106625 0.2900390625 0.7022106625 0.2958984375 0.70806241875 0.302734375 0.7065994796874999 0.314453125 0.69489596875 0.314453125 0.674414825 0.2958984375 0.658322496875 0.2646484375 0.6495448640625
0 0.2353515625 0.605656696875 0.2236328125 0.611508453125 0.212890625 0.6276007796874999 0.2216796875 0.65539661875 0.2392578125 0.6495448640625 0.302734375 0.6539336796875 0.3046875 0.6276007796874999 0.2939453125 0.6144343296875 0.2783203125 0.608582575 0.2353515625 0.605656696875
0 0.2783203125 0.5676202859374999 0.2666015625 0.5588426531249999 0.2177734375 0.555916775 0.203125 0.572009103125 0.203125 0.5837126140625 0.2197265625 0.608582575 0.2353515625 0.60273081875 0.2568359375 0.60273081875 0.29296875 0.6129713921875 0.298828125 0.6041937578125001 0.298828125 0.5866384921875001 0.2861328125 0.5676202859374999 0.2783203125 0.5676202859374999
0 0.2822265625 0.5646944078125 0.283203125 0.545676203125 0.2802734375 0.5383615078124999 0.2685546875 0.5295838749999999 0.2548828125 0.5295838749999999 0.2353515625 0.5208062421874999 0.1904296875 0.526657996875 0.185546875 0.5368985703125 0.1875 0.5544538359375 0.1943359375 0.5646944078125 0.203125 0.5661573468750001 0.2099609375 0.5646944078125 0.2197265625 0.552990896875 0.2568359375 0.555916775 0.2822265625 0.5646944078125
0 0.1904296875 0.47691807500000005 0.1796875 0.48715864687500005 0.1796875 0.5076397921875 0.1865234375 0.526657996875 0.2060546875 0.5208062421874999 0.2412109375 0.5208062421874999 0.267578125 0.5281209359375 0.2734375 0.519343303125 0.271484375 0.5017880359375 0.2431640625 0.47984395312499994 0.1904296875 0.47691807500000005
0 0.1865234375 0.44180754218749996 0.1806640625 0.4447334203125 0.173828125 0.4578998703125 0.173828125 0.46960338124999995 0.1787109375 0.47691807500000005 0.2392578125 0.4739921984375 0.259765625 0.4842327703125 0.26171875 0.463751625 0.2568359375 0.45643693125 0.2236328125 0.44180754218749996 0.1865234375 0.44180754218749996
0 0.1748046875 0.3130689203125 0.162109375 0.3233094921875 0.162109375 0.3437906375 0.1767578125 0.354031209375 0.1923828125 0.35110533125 0.23828125 0.3554941484375 0.2421875 0.3437906375 0.2373046875 0.327698309375 0.2080078125 0.3130689203125 0.1748046875 0.3130689203125
0 0.1689453125 0.28381014375 0.158203125 0.29405071562499996 0.158203125 0.30868010468749996 0.1630859375 0.3159947984375 0.1982421875 0.3101430421875 0.2333984375 0.32477243125 0.240234375 0.3233094921875 0.240234375 0.3057542265625 0.2333984375 0.2955136546875 0.2080078125 0.28381014375 0.1689453125 0.28381014375
1 0.325590609375 0.7126145578124999 0.2233126546875 0.7100091046875 0.22837099374999997 0.755421228125 0.33273105 0.7545980343750001 0.325590609375 0.7126145578124999
1 0.39040371406249996 0.7537748421875 0.3407372140625 0.7521858265625 0.36458830625 0.8657307203125001 0.412374253125 0.8632610812499999 0.39040371406249996 0.7537748421875
1 0.467849853125 0.8640843359374999 0.436874278125 0.747042325 0.3799677 0.7504820109375 0.4074308734375 0.8673771046875001 0.467849853125 0.8640843359374999
1 0.5205791375000001 0.8599683109375 0.487689584375 0.7449849234375 0.4299506671875 0.75295165 0.45851239218749995 0.8640843359374999 0.5205791375000001 0.8599683109375
1 0.6749222031250001 0.7455427921875 0.627775021875 0.7501284265625 0.6628384234375 0.8500898109374999 0.6799290015625 0.8498184140625 0.7143875984375 0.8506229546874999 0.6749222031250001 0.7455427921875
1 0.44783510312499997 0.4504634875 0.357353521875 0.4503955109375 0.36957352499999996 0.48896000156249997 0.458269975 0.4823434 0.44783510312499997 0.4504634875
1 0.43232314218749995 0.410684109375 0.4253599890625 0.386124484375 0.34179895937500004 0.3842493078125 0.359138653125 0.425222496875 0.3703761953125 0.4204104375 0.43232314218749995 0.410684109375
1 0.742018384375 0.487779371875 0.665362146875 0.48176429374999996 0.6854292171874999 0.524471321875 0.7588747125 0.52928335625 0.742018384375 0.487779371875
1 0.717135228125 0.5954492234375001 0.7938847953125 0.5962178234375 0.773323028125 0.554546715625 0.698673496875 0.5503361328125 0.717135228125 0.5954492234375001
1 0.6994761671874999 0.5575542546875 0.7758214328124999 0.5601380765624999 0.7556639671875 0.5226667796875 0.6830212062500001 0.519057740625 0.6994761671874999 0.5575542546875
1 0.646900478125 0.35965815156250003 0.662151403125 0.35785363124999997 0.6721849390625 0.3566506109375 0.6661648171875 0.34221441406249997 0.6071676390625 0.3386053765625 0.6216159546875 0.3692822671875 0.6324521609375 0.365071709375 0.646900478125 0.35965815156250003
1 0.7356806265625 0.63304923125 0.8110490984375 0.6351041125 0.7897779890625001 0.590592475 0.7207472765625 0.5893894765625001 0.7356806265625 0.63304923125
1 0.82349070625 0.653750825 0.80944375625 0.6284874890625 0.734794225 0.629089034375 0.7467193484375 0.6623640265625 0.7616840890625001 0.6507432859375 0.7769350765625 0.64833724375 0.8066343171874999 0.6519462828125 0.82349070625 0.653750825
1 0.47512630156249996 0.5238475 0.3864556078125 0.5180450375000001 0.396062053125 0.565351484375 0.481675425 0.556417178125 0.47512630156249996 0.5238475
1 0.3868311875 0.2725065453125 0.323610021875 0.26979985625 0.3334527953125 0.2989729015625 0.3936968359375 0.2913973140625 0.3868311875 0.2725065453125
1 0.46950754687499996 0.120926553125 0.4899759546875 0.1678441640625 0.5236886390625 0.17325774375 0.5052269093749999 0.12453559218750002 0.46950754687499996 0.120926553125
1 0.458269975 0.1678441640625 0.49318666718750004 0.1696486828125 0.4739222953125 0.1221295734375 0.44570096406250004 0.1183742828125 0.458269975 0.1678441640625
1 0.4281693671875 0.1552125078125 0.4135506515625 0.11214788125 0.3868311875 0.10889639531249999 0.3948580171875 0.1522049671875 0.4281693671875 0.1552125078125
1 0.21721295624999998 0.115070575 0.2212263703125 0.13552182968749998 0.2637685875 0.1403338875 0.250980384375 0.0903497015625 0.21600895000000003 0.083792159375 0.2196210296875 0.09642381718750001 0.21721295624999998 0.115070575
1 0.189163684375 0.12066301875 0.11939252812500001 0.110690234375 0.124566225 0.1408930296875 0.195912659375 0.147756771875 0.189163684375 0.12066301875
1 0.12752881875 0.16757020625000002 0.20073336562500002 0.17268303125 0.1944664515625 0.1430605234375 0.124566225 0.1383642765625 0.12752881875 0.16757020625000002
1 0.137473175 0.21632446875000003 0.2137492734375 0.2225355484375 0.2060361515625 0.18857803906249998 0.1310741703125 0.183881778125 0.137473175 0.21632446875000003
1 0.1332543578125 0.19104448125 0.207000278125 0.1972480453125 0.20025130156249998 0.167986784375 0.1284227859375 0.1625680328125 0.1332543578125 0.19104448125
1 0.142596025 0.2429587421875 0.2212213625 0.2489067875 0.2108568578125 0.2131430265625 0.137582134375 0.20916928124999998 0.142596025 0.2429587421875
1 0.1477188734375 0.26959301562500004 0.224113796875 0.27741870468749996 0.21832894687499999 0.2409324421875 0.143608015625 0.236958696875 0.1477188734375 0.26959301562500004
1 0.1479466390625 0.26441369375 0.1522390359375 0.293970146875 0.1578291 0.2936749578125 0.2248368921875 0.2918687078125 0.22339068437499998 0.2665812046875 0.1479466390625 0.26441369375
1 0.24556592031250002 0.3604793765625 0.1636901125 0.3571701171875 0.1674705109375 0.394075640625 0.252073884375 0.398771875 0.24556592031250002 0.3604793765625
1 0.17333312343750001 0.42759294218750005 0.26171529375 0.43307720937500005 0.253279059375 0.3940622359375 0.1674705109375 0.39189471249999996 0.17333312343750001 0.42759294218750005
1 0.17437456875 0.42289783593749997 0.1772357609375 0.4571038359375 0.26812196875 0.46306325312499996 0.2580137984375 0.4257878203125 0.17437456875 0.42289783593749997
1 0.364967321875 0.2168987484375 0.302099028125 0.2167751625 0.3062723875 0.2398834328125 0.374236134375 0.2373392484375 0.364967321875 0.2168987484375
1 0.7227007578125 0.745874225 0.6662648890625 0.7429861515625 0.7085368359374999 0.85390629375 0.76086256875 0.8547874359375 0.7227007578125 0.745874225
1 0.8078240609374999 0.8522336703125 0.7600982015625 0.74556605 0.7108157375 0.7460544625 0.747855275 0.8553176984374999 0.8078240609374999 0.8522336703125
1 0.8383964078125 0.8482684640624999 0.7891320265624999 0.7422627015625001 0.7528526859375 0.7473761921875 0.7963594578125 0.85135249375 0.8383964078125 0.8482684640624999