1 0.626120665625 0.7044627171875 0.6573845765625 0.71277175 0.6459108625 0.6262293828125001 0.6166924015624999 0.607612375 0.6269923625 0.67986818125 0.626120665625 0.7044627171875
1 0.68853744375 0.721229828125 0.6727404984375001 0.6307013578125 0.6407259140625 0.6209432171875 0.65551664375 0.7148410734375 0.68853744375 0.721229828125
1 0.6662211484375 0.630661075 0.6800205671875 0.71825823125 0.7126179234375 0.7228414984375 0.6989474734375001 0.6358630953125 0.6662211484375 0.630661075
0 0.7258471828124999 0.7057923046875 0.735919340625 0.7001031921875 0.7420250875 0.6651877234375 0.73678389375 0.650666621875 0.7228273749999999 0.6340756390625 0.7123339625 0.6347582359375 0.7030222687500001 0.6435141140625 0.7005657640625 0.6501460906250001 0.7110481546874999 0.67918829375 0.70901290625 0.690826784375 0.7182315296875 0.7048494421875 0.7258471828124999 0.7057923046875
1 0.50276565 0.580461009375 0.511121434375 0.6770040328125 0.5488019546875 0.6850568375 0.533968975 0.5854453015625001 0.50276565 0.580461009375
0 0.5711706890625 0.67078848125 0.58158205625 0.6631596203125001 0.5836173046875001 0.65152113125 0.577205415625 0.599201946875 0.5698469234375 0.5893730734375 0.549538515625 0.586858771875 0.5409052390625 0.5917351531249999 0.5367526921875 0.6080658703124999 0.54587825 0.6448670671875 0.5438430000000001 0.6565055562500001 0.558138728125 0.6711567921875 0.5711706890625 0.67078848125
0 0.6045110609375001 0.6729344734375 0.6123838765625 0.664991325 0.615951071875 0.6297615671875 0.6043690125000001 0.5995923453125 0.5894769140625 0.5957668703125 0.5811828453125 0.5987035046875 0.581757171875 0.647327346875 0.58615585625 0.65183541875 0.5809036375 0.6670391171875 0.5911398906249999 0.67524253125 0.6045110609375001 0.6729344734375
0 0.6377693843750001 0.6681342015625 0.63879803125 0.63259015625 0.6279764343750001 0.6054877015625 0.622478075 0.5998526109375 0.6094461140625 0.600220921875 0.617132790625 0.6378348484374999 0.6084884921875 0.6724360296875 0.611448296875 0.677756834375 0.626679603125 0.6796425593750001 0.6377693843750001 0.6681342015625
1 0.4411334015625 0.640604971875 0.44284145625000004 0.65864105625 0.484800875 0.6686324796875 0.47259669843749996 0.5691169421875 0.44455100468750003 0.562673934375 0.4545384875 0.586191240625 0.454121290625 0.6024788453125 0.449196028125 0.6278633296875 0.4411334015625 0.640604971875
0 0.49163309999999993 0.6510325328125 0.5065251984375 0.6548580078125 0.517275771875 0.6452893984375 0.5223638953124999 0.6161931734375 0.5191579515625 0.5900335828125 0.5117994609375 0.5802047078125 0.5019844640625 0.5770078078124999 0.48641395000000004 0.5770618296875 0.4799800140625 0.5841922484375 0.4775235109375 0.5908242234375 0.48378233125000003 0.59952608125 0.485806559375 0.617612390625 0.48207526874999995 0.6389496234375 0.49163309999999993 0.6510325328125
1 0.37441563125 0.6189764125 0.3735208796875 0.6407750937500001 0.41700736093749996 0.6532753359375 0.4028002421875 0.5511920609375001 0.3836060171875 0.5469589703125 0.3870563640625 0.5744944546874999 0.3830535578125 0.591823503125 0.38057139218749997 0.61713911875 0.37441563125 0.6189764125
0 0.4241098515625 0.6367275203125 0.442218915625 0.636987784375 0.4514485640625 0.6212856453125 0.45163469999999994 0.57572856875 0.442334028125 0.5547596484375 0.4342971203125 0.5488102703125 0.41407075937500004 0.5532422312499999 0.41093583906250003 0.563753703125 0.40847933437500006 0.570385678125 0.4172656828125 0.6091266234375 0.41337029843749995 0.616571328125 0.41861149375 0.63109243125 0.4241098515625 0.6367275203125
1 0.28901250156249997 0.5169653234375 0.2965635015625 0.62670471875 0.3417211140625 0.6355977625 0.33393650625000004 0.5269833296875001 0.28901250156249997 0.5169653234375
0 0.3521879140625 0.617914434375 0.369957771875 0.6201144484375 0.38070834531250003 0.6105458406250001 0.38681409375000003 0.5756303703125 0.3815839203125 0.5313844671875 0.37100846249999997 0.5251208015625 0.35577715468750004 0.5232350765625 0.3460442078125 0.5269844390625 0.3374929765625 0.5388070843749999 0.3353756796875 0.5434993109375 0.343494634375 0.556394953125 0.34110915468749997 0.5996979921875 0.3444902140625 0.610025309375 0.3521879140625 0.617914434375
0 0.26266510625 0.8258137296875001 0.2769608359375 0.8404649640624999 0.294730690625 0.842664978125 0.310558365625 0.8337249453125001 0.3149680734375 0.808508215625 0.3124405453125 0.7784691265625 0.2869840125 0.7386551859375 0.2768298078125 0.7373980359375001 0.26709685781250003 0.7411474 0.25820642031249996 0.7549097921875 0.25574991406250003 0.76154176875 0.262008734375 0.770243625 0.2638578484375 0.804162209375 0.267917325 0.8106100312500001 0.26266510625 0.8258137296875001
0 0.32231554375 0.8480618906249999 0.33534750625 0.8476935796875 0.3479582140625 0.8423187562500001 0.3554097734375 0.8293690921874999 0.3545782875 0.7896312625 0.341896553125 0.7583350234374999 0.33199951250000004 0.7481918609375 0.31964596562500003 0.744680675 0.30525716875 0.752807978125 0.3046608 0.7636337375 0.3146398875 0.7807231640625 0.3170033234375 0.796869725 0.3095407421875 0.8395441890625 0.32231554375 0.8480618906249999
0 0.39119562812500003 0.8546079109375 0.404320659375 0.8314610625000001 0.396551934375 0.7869008734375 0.379892771875 0.7561030765625001 0.370416984375 0.750966428125 0.343351728125 0.75098099375 0.3537357765625 0.779618234375 0.35846264843750003 0.811911359375 0.355913075 0.8413218703125 0.36327156718750003 0.8511507453125 0.39119562812500003 0.8546079109375
0 0.424021675 0.874525925 0.43155528125 0.868522525 0.4349473625 0.8491250421875 0.4319165328125 0.807133175 0.4195740078125 0.7738971890624999 0.411876309375 0.7660080609375 0.40206131406249995 0.7628111625 0.38869014218750003 0.765119221875 0.3984120703125 0.7910946562500001 0.4049990765625 0.827581565625 0.3934770171875 0.863808209375 0.39863616562500004 0.8713830484375 0.424021675 0.874525925
0 0.2014178265625 0.5457411046875 0.2179239203125 0.5329215734375 0.21725652499999998 0.5070762703125 0.20829506250000002 0.4841676 0.202457496875 0.4804722578125 0.1396721390625 0.46873556875 0.1141115140625 0.48142496562500003 0.1086021375 0.5055146765625 0.1106263640625 0.5236009875 0.123401165625 0.5321186890625 0.1567415359375 0.53426468125 0.2014178265625 0.5457411046875
0 0.1890042796875 0.4758340546875 0.1907003203125 0.4661353109375 0.185459125 0.4516142109375 0.1777614265625 0.443725084375 0.170145771875 0.44278222187500005 0.1562713 0.4331375015625 0.1159936921875 0.42616915000000005 0.1012656890625 0.4362362015625 0.098973278125 0.45676070312499994 0.1103912453125 0.47303739843750003 0.1256225515625 0.47492312343750004 0.1371335890625 0.4684212828125 0.1890042796875 0.4758340546875
0 0.17082418906250002 0.438902725 0.1834348984375 0.43352789999999997 0.1890263234375 0.41638445312499994 0.18268545625 0.4007363328125 0.15205875156249998 0.3830723546875 0.10636483593749999 0.3774151765625 0.10203717500000001 0.40957816718749995 0.11379435 0.42391511406250004 0.13664130937500002 0.426743703125 0.1632085375 0.4379598609375 0.17082418906250002 0.438902725
0 0.2577974234375 0.26041394218749997 0.2635639640625 0.227438221875 0.25917629999999997 0.19320534843749998 0.2404818890625 0.1740460421875 0.22491137499999997 0.1741000640625 0.22067678124999998 0.18348451875 0.225989 0.23467668281249998 0.22361454374999998 0.248254921875 0.23537171875000001 0.2625918671875 0.24772526718750001 0.2661030546875 0.2577974234375 0.26041394218749997
0 0.1684558609375 0.20773629374999997 0.1721761296875 0.2161238640625 0.1764927671875 0.21368567187499998 0.19256658437500002 0.22558442812499999 0.2077978890625 0.22747015468749998 0.21533149687500003 0.2214667546875 0.21974120312499998 0.19625002656249999 0.21873459999999997 0.1723444703125 0.2102764375 0.16138857812500002 0.2112940625 0.15556933281250002 0.19479899218750002 0.13866406250000002 0.1624762453125 0.13069882500000002 0.16018383593750002 0.151223328125 0.16880609062500002 0.1760717453125 0.16609242500000002 0.1915897328125 0.1720120375 0.2022313375 0.1684558609375 0.20773629374999997
0 0.443007553125 0.3358602828125 0.45307970937500003 0.330171171875 0.456132584375 0.3127134359375 0.453101753125 0.2707215703125 0.4457432625 0.26089269531250003 0.4308511640625 0.2570672203125 0.42111821562499996 0.260816584375 0.41578395312499994 0.2690740203125 0.41298823906250004 0.27764574531249997 0.421949703125 0.300554415625 0.4210961734375 0.3202661859375 0.4328533484375 0.3346031328125 0.443007553125 0.3358602828125
1 0.465617265625 0.2866633890625 0.47643474531249996 0.35798979218750004 0.506205646875 0.36896593437499997 0.496708996875 0.2966366 0.465617265625 0.2866633890625
0 0.52660461875 0.3620640515625 0.531260465625 0.35768611250000004 0.5366877984375 0.32665013906249996 0.5343243609375 0.3105035765625 0.5273050796875001 0.2987349546875 0.506996671875 0.2962206515625 0.501241153125 0.2994715734375 0.498445440625 0.308043296875 0.5048683515625 0.3306376796875 0.5043540296875 0.348409703125 0.5113733125000001 0.360178325 0.52660461875 0.3620640515625
0 0.5715490937500001 0.3349296640625 0.5586102000000001 0.3125194359375 0.546256653125 0.30900824843749997 0.5354240328125 0.31163059375 0.53531994375 0.3641339328125 0.544877775 0.37621684375000003 0.5597698734375001 0.38004231875 0.5676426890624999 0.37209916875000004 0.5715490937500001 0.3349296640625
0 0.8033446296875001 0.5221668765625 0.7941260046874999 0.50814421875 0.7538483984375 0.5011758671875 0.7506314281249999 0.504741075 0.7471573 0.5171922953125 0.7563759265625001 0.5312149546875 0.786160121875 0.5388659031249999 0.8013093796874999 0.5338053671874999 0.8033446296875001 0.5221668765625
0 0.8303710703125 0.6642350140625 0.820474028125 0.654091853125 0.793228384375 0.6467551921875 0.7820565562499999 0.6513172859374999 0.7789216359375 0.6618287578125 0.7878010515625 0.6777911640625 0.82046300625 0.683816653125 0.8298567468750001 0.6820070375 0.8303710703125 0.6642350140625
0 0.842035178125 0.7013504984375001 0.8324773437499999 0.6892675890625 0.799815390625 0.6832421 0.7940598718749999 0.6864930218749999 0.791264159375 0.6950647453125 0.79980436875 0.7129669 0.832466321875 0.7189923890625 0.842199271875 0.7152430265625 0.842035178125 0.7013504984375001
0 0.8523424531250001 0.7462249765625 0.8493006015625 0.7339579109375001 0.8394035593750001 0.7238147484375 0.8020037125 0.7152209359375 0.7962481921875 0.7184718578125 0.79497340625 0.7331771140625001 0.80165348125 0.746885484375 0.8339762281249999 0.754850721875 0.848786278125 0.7517299328125 0.8523424531250001 0.7462249765625
0 0.8753314609375 0.8223956921875001 0.8661128359375001 0.8083730328125001 0.823296678125 0.8010903953125 0.8175411578125 0.8043413171875 0.817448090625 0.8271198546875 0.8248065828125 0.8369487296875 0.850192090625 0.84009160625 0.87007924375 0.8375993906250001 0.8753314609375 0.8223956921875001
0 0.6088325921875 0.8855161484374999 0.627280865625 0.8838366671875001 0.6319367125 0.8794587265624999 0.634147078125 0.8519879625 0.6317836406249999 0.8358414 0.616563359375 0.8042308734375 0.6088656593749999 0.7963417484375 0.5990506640625 0.7931448484375 0.5889785046875 0.7988339609375 0.5861827921875 0.807405684375 0.584065496875 0.8120979109375 0.5903243171875 0.8207997671875 0.596911321875 0.8572866765624999 0.594876071875 0.8689251656250001 0.6088325921875 0.8855161484374999
0 0.652666375 0.8869795437500001 0.66019998125 0.8809761421875001 0.663931271875 0.8596389125 0.6607253281250001 0.83347931875 0.6400066859375 0.796233703125 0.6251145890625 0.7924082296875 0.61682051875 0.7953448625 0.6147032234375 0.8000370890624999 0.63212285 0.833901653125 0.636685628125 0.8523022499999999 0.6337968468749999 0.8836525109375 0.652666375 0.8869795437500001
1 0.212010878125 0.72652653125 0.22067177187499998 0.8382600984374999 0.2621482953125 0.8439485296875 0.2530966765625 0.7334699296875 0.212010878125 0.72652653125
1 0.2070790234375 0.6657578015625 0.1061255546875 0.6480603015625 0.11483527499999999 0.7011271406249999 0.209819921875 0.7158337593749999 0.2070790234375 0.6657578015625
1 0.10425289062500001 0.6504278968749999 0.206759590625 0.6731451828125 0.20585825 0.6087906203125 0.10316086093750002 0.5871637749999999 0.10425289062500001 0.6504278968749999
1 0.10360255781250001 0.595759415625 0.203635196875 0.6159423234375 0.20460645312499998 0.554554228125 0.10371657031249999 0.5311592171874999 0.10360255781250001 0.595759415625
1 0.4119945234375 0.76198033125 0.42388734218749996 0.8670742140625001 0.4624836 0.869215490625 0.45082790937499995 0.7679021859375 0.4119945234375 0.76198033125
1 0.4442288125 0.7667138375 0.45625525624999996 0.8703230968750001 0.49784789218750003 0.8754508421875 0.48496580624999996 0.7728713421875 0.4442288125 0.7667138375
1 0.4789371875 0.7739816953124999 0.48839504375000004 0.8728168015625 0.5306770234375 0.8753369390625 0.5171365890625 0.7779683265624999 0.4789371875 0.7739816953124999
1 0.5117419328125 0.7810139015625001 0.5250396187499999 0.87735361875 0.5667949484375 0.8807370734375001 0.549656128125 0.7838511734375 0.5117419328125 0.7810139015625001
1 0.5444342765625 0.7855169156249999 0.5587163359375 0.8825151609375 0.5960689046875001 0.8862369328125 0.5822568546875 0.7913146828125 0.5444342765625 0.7855169156249999
1 0.683599696875 0.8975138546875 0.6664437249999999 0.8089981765625 0.637335540625 0.796412753125 0.6517272984375 0.8953100468749999 0.683599696875 0.8975138546875
1 0.7101667375 0.9032229484375 0.6934865890624999 0.8137982015624999 0.6630766375 0.8077678109375 0.67793451875 0.89729645 0.7101667375 0.9032229484375
1 0.7357515203125 0.90542251875 0.722088753125 0.8204852421875 0.6870451828124999 0.8125167375 0.7059320390625 0.9023234562500001 0.7357515203125 0.90542251875
1 0.7602103328125 0.908692653125 0.746547565625 0.823755378125 0.7151214515625 0.818654671875 0.73259591875 0.9038093515625001 0.7602103328125 0.908692653125
1 0.7851651296875 0.9127501812500001 0.769124346875 0.8287284609375 0.7379467843749999 0.8222065703125001 0.7559522859375 0.906095925 0.7851651296875 0.9127501812500001
1 0.808753353125 0.91542855625 0.7922367609375 0.832315903125 0.7629401484375 0.8277208312500001 0.781219653125 0.9110394265625 0.808753353125 0.91542855625
1 0.7878333468750001 0.830318759375 0.8045771984375 0.9139435453125 0.8323198859375 0.9166015015625 0.8136800750000001 0.8351316984375 0.7878333468750001 0.830318759375
1 0.7960578640625 0.801377415625 0.8489847578124999 0.8031677734375 0.8384799734374999 0.7634633828124999 0.78893534375 0.7543379531250001 0.7960578640625 0.801377415625
1 0.80056835625 0.6133807359375 0.764053915625 0.6053026421875 0.7705986078125 0.6458793968750001 0.8095154453125 0.6492938406250001 0.80056835625 0.6133807359375
1 0.762468084375 0.6086636953125 0.799351096875 0.6184390578125 0.7913378203125 0.57731338125 0.755272103125 0.56800631875 0.762468084375 0.6086636953125
1 0.7551622625000001 0.5724394390625 0.790514646875 0.5824064531250001 0.7824792203125 0.5423841 0.7484218484375 0.5329819015624999 0.7551622625000001 0.5724394390625
1 0.768730690625 0.47592244531250005 0.725487540625 0.461820965625 0.7358571828125 0.500229190625 0.746160659375 0.501954809375 0.7612711937500001 0.499775659375 0.77215135625 0.5015726734375 0.768730690625 0.47592244531250005
0 0.5887495171875 0.503525703125 0.5747109499999999 0.4799884578125 0.5622753578124999 0.46953100625 0.5514427375000001 0.47215335312500006 0.5493254421875 0.4768455796875 0.56572744375 0.5165293890625 0.5849361796875 0.517916671875 0.5892528171875 0.51547848125 0.5887495171875 0.503525703125
0 0.5947621984375 0.49138877187499996 0.5871465437500001 0.49044590781249997 0.583929578125 0.49401111562500005 0.588913609375 0.5174182296875001 0.611842615625 0.52719308125 0.617176878125 0.5189356453125 0.604998446875 0.49959218437499997 0.5947621984375 0.49138877187499996
1 0.44616596875000003 0.3454939453125 0.47935027343750003 0.3566010796875 0.4708493515625 0.2873111515625 0.4464426078125 0.2712876515625 0.44616596875000003 0.3454939453125
1 0.372745240625 0.241338165625 0.3827141609375 0.3175169296875 0.42197654062499995 0.3331675203125 0.41193846875 0.2577444796875 0.372745240625 0.241338165625
1 0.39027669062500003 0.3202028890625 0.379460484375 0.24450244687499997 0.34136547500000003 0.22749708906250002 0.3488218984375 0.3039892546875 0.39027669062500003 0.3202028890625
1 0.35870096875 0.308711690625 0.3477862234375 0.22920807031249998 0.306935503125 0.21156799531249998 0.3149040484375 0.29279130625 0.35870096875 0.308711690625
1 0.32143259375 0.2903918390625 0.3143792359375 0.21282432343750002 0.2767086328125 0.19615926875 0.2807496046875 0.27631501875 0.32143259375 0.2903918390625
1 0.2621480375 0.24076816562499997 0.2560391609375 0.26797394375 0.28680334531249996 0.2788142078125 0.2792277734375 0.1976826890625 0.2582763984375 0.18867330625 0.2609129390625 0.20416359375 0.2650443328125 0.2198389796875 0.2621480375 0.24076816562499997
1 0.1907381703125 0.355480325 0.092296265625 0.322494221875 0.09760675468749999 0.3765706203125 0.10817004374999999 0.37886363125 0.1885151859375 0.4029252796875 0.1907381703125 0.355480325
0 0.326693421875 0.4522550296875 0.3310100609375 0.44981683749999996 0.3330453109375 0.43817834843750003 0.3281543453125 0.3919926984375 0.31453703437499997 0.3734619671875 0.30506124687499997 0.36832531875 0.2884731078125 0.3741985859375 0.2849989796875 0.38664980625 0.29446374375 0.4215112546875 0.2917500796875 0.4370292421875 0.3162000109375 0.45293762656250003 0.326693421875 0.4522550296875
0 0.33515158437500003 0.463210921875 0.3402286875 0.46383949687500003 0.3520789296875 0.45539790625 0.3611334625 0.45552803906249995 0.3580916125 0.44326097343750004 0.36842093125 0.42868585000000003 0.3498195859375 0.38674800625 0.3392441265625 0.380484340625 0.32621216406250003 0.38085265 0.32375566093749997 0.3874846265625 0.3296752734375 0.39812623125 0.3345662359375 0.44431187968749997 0.3299924359375 0.4556360828125 0.33515158437500003 0.463210921875
0 0.389735940625 0.45510570625 0.39591271250000004 0.4568613 0.4051423625 0.4411591578125 0.3929639296875 0.421815696875 0.390261284375 0.4076088828125 0.37782569375 0.3971514328125 0.3619159703125 0.39914520468750003 0.3594594671875 0.40577717968749993 0.3672392125 0.42061256875 0.36740330625 0.43450509375 0.3744846234375 0.4474163765625 0.389735940625 0.45510570625
0 0.4405069609375 0.46139146093749994 0.4308670796875 0.44236228750000006 0.4184314859375 0.4319048375 0.40573873125000004 0.43033340000000003 0.39989014375 0.45636285781249997 0.40479213124999996 0.47282370625 0.41574210312500004 0.4958539078125 0.43790744375 0.5012727765625 0.4405069609375 0.46139146093749994
0 0.4537740390625 0.511586740625 0.45885114062500004 0.5122153171875 0.4685840921875 0.508465953125 0.47569644218749996 0.4974560375 0.472490496875 0.47129644531250003 0.45481370937500004 0.44631789375 0.44246016250000003 0.44280670781250003 0.43670464375 0.446057628125 0.44151356249999996 0.48529701718749996 0.4560664515625 0.4910622390625 0.45758737812500005 0.49719577187499997 0.450814234375 0.5062659390625 0.4537740390625 0.511586740625
0 0.47848113281250004 0.518609115625 0.49371243906249995 0.520494840625 0.5009068375 0.5164311890625 0.5019244609375 0.5106119437500001 0.49821521406249997 0.47249957499999995 0.4808776359375 0.445581275 0.46310777812500004 0.44338126093749997 0.4606512734375 0.4500132375 0.47435063125 0.4754902296875 0.4763748578125 0.49357654218749997 0.4685840921875 0.508465953125 0.47848113281250004 0.518609115625
0 0.5468579171875 0.5132023578125 0.5499928374999999 0.502690884375 0.5434058296875001 0.466203975 0.5335087890625 0.4560608140625 0.505420634375 0.4387111234375 0.4978049828125 0.437768259375 0.4884932875 0.4465241390625 0.501596275 0.48282689218749997 0.5004035359375 0.5044784124999999 0.5059018921875 0.5101135015625 0.5192730625 0.5078054437499999 0.5468579171875 0.5132023578125
0 0.5669091625 0.52460266875 0.5630248 0.502322575 0.5515247828125001 0.47909961718750005 0.548225771875 0.4757185625 0.5453480125 0.47734402343750004 0.549653628125 0.5046306328125 0.5469399625 0.52014861875 0.5539592453125 0.5319172421875 0.5590363468749999 0.53254581875 0.5669091625 0.52460266875
0 0.6428220109375 0.574786440625 0.6829947703125 0.5813648828125 0.6828399953125001 0.5290468749999999 0.67057951875 0.50275715 0.645029915625 0.485721746875 0.6323371609375 0.4841503078125 0.6230254671875 0.49290618750000004 0.6202297531250001 0.5014779093749999 0.62682778125 0.50824001875 0.6313905609375 0.5266406171875 0.6345554671875 0.5539704671875 0.6428220109375 0.574786440625
0 0.6933223843749999 0.5580890765625 0.6950184265625 0.5483903359375 0.6877530046875 0.5157829234375 0.6825938546875 0.5082080859375 0.674978203125 0.507265221875 0.6814831625 0.5368058671875 0.6765701546875 0.55006981875 0.6839286453125 0.55989869375 0.689005746875 0.5605272671875 0.6933223843749999 0.5580890765625
1 0.0921937765625 0.329216178125 0.188185446875 0.36047288437499997 0.1865507609375 0.308832828125 0.0911603421875 0.2709711078125 0.0921937765625 0.329216178125
1 0.0872116640625 0.2768155015625 0.1834878359375 0.314813265625 0.1834649015625 0.26373786875 0.088150121875 0.2240302078125 0.0872116640625 0.2768155015625
1 0.0872247109375 0.23211162968750002 0.18041383125 0.268237009375 0.18053330625 0.23170327500000001 0.085931309375 0.1920891171875 0.0872247109375 0.23211162968750002