1 0.293361428125 0.294915078125 0.29773570625 0.327427753125 0.3220814234375 0.3308355515625 0.39203696718750003 0.3536278625 0.3772539953125 0.3213565421875 0.293361428125 0.294915078125
1 0.29109406875 0.2964117421875 0.38183116250000004 0.327427753125 0.3761203015625 0.29391726406249996 0.2888267078125 0.26248685156249996 0.29109406875 0.2964117421875
1 0.3742308296875 0.2669768921875 0.2901765640625 0.23827663281250003 0.2907161796875 0.2714669625 0.3753645234375 0.3004029140625 0.3742308296875 0.2669768921875
0 0.3505859375 0.219072165625 0.3154296875 0.219072165625 0.30859375 0.22809278281249998 0.30859375 0.2358247421875 0.3212890625 0.2474226796875 0.3330078125 0.2474226796875 0.3603515625 0.2628865984375 0.3671875 0.26159793750000004 0.376953125 0.2538659796875 0.37890625 0.24355670156250003 0.3642578125 0.2268041234375 0.3505859375 0.219072165625
1 0.4037901671875 0.43968704374999995 0.3074270609375 0.40763612031249996 0.31076586875 0.4464808171875 0.4048951109375 0.4715617359375 0.4037901671875 0.43968704374999995
0 0.3447265625 0.3788659796875 0.3330078125 0.3788659796875 0.32421875 0.3878865984375 0.322265625 0.4007731953125 0.3349609375 0.4175257734375 0.3466796875 0.4175257734375 0.3818359375 0.43298969062500003 0.3984375 0.43170103125 0.404296875 0.42396907187500005 0.404296875 0.403350515625 0.3955078125 0.39432989687500003 0.3447265625 0.3788659796875
0 0.3349609375 0.34793814375 0.326171875 0.35438144375 0.322265625 0.367268040625 0.3291015625 0.3788659796875 0.3447265625 0.376288659375 0.3486328125 0.38144329843749997 0.396484375 0.3904639171875 0.400390625 0.382731959375 0.3984375 0.367268040625 0.3701171875 0.3505154640625 0.3349609375 0.34793814375
0 0.3349609375 0.3221649484375 0.322265625 0.33118556718750003 0.322265625 0.346649484375 0.3271484375 0.3505154640625 0.3623046875 0.34793814375 0.3984375 0.3621134015625 0.400390625 0.3492268046875 0.3955078125 0.34278350468749996 0.3701171875 0.3273195875 0.3349609375 0.3221649484375
1 0.35164089375 0.516559315625 0.377259759375 0.5160761328125 0.3933630515625 0.518492009375 0.4153220796875 0.5325039890625 0.41239419843749997 0.5035137187500001 0.31580494375 0.47409186875 0.3205322703125 0.51752564375 0.33809947500000004 0.5223573578125 0.35164089375 0.516559315625
0 0.3974609375 0.453608246875 0.3720703125 0.4458762890625 0.3427734375 0.4458762890625 0.33203125 0.45489690781250003 0.333984375 0.47036082500000004 0.3447265625 0.48195876249999997 0.3662109375 0.48195876249999997 0.3837890625 0.48711340156249994 0.3916015625 0.4948453609375 0.3984375 0.4935567015625 0.40625 0.48840206249999996 0.408203125 0.47293814375 0.40625 0.462628865625 0.3974609375 0.453608246875
1 0.353836790625 0.5866191796875 0.379089678125 0.5885518734375 0.396656884375 0.5875855078125001 0.4233737125 0.5957994453125 0.42154379375 0.5759894234375 0.322668278125 0.5441309125 0.3296818640625 0.5895182015625 0.351274915625 0.5924172234375 0.353836790625 0.5866191796875
0 0.4033203125 0.5231958765625 0.3583984375 0.5154639171875 0.341796875 0.5219072171875 0.33984375 0.539948453125 0.3447265625 0.546391753125 0.3583984375 0.5541237109375 0.3662109375 0.5515463921875 0.4033203125 0.567010309375 0.41015625 0.56572165 0.4208984375 0.5644329890625001 0.427734375 0.5451030921875 0.4228515625 0.536082475 0.4033203125 0.5231958765625
1 0.4370002984375 0.6486302421875 0.3309042828125 0.622019159375 0.33415885625 0.6684402859375 0.44139209375000005 0.695014715625 0.4370002984375 0.6486302421875
0 0.4384765625 0.6005154640625 0.3955078125 0.5876288656249999 0.3603515625 0.5876288656249999 0.349609375 0.596649484375 0.349609375 0.614690721875 0.3564453125 0.623711340625 0.3662109375 0.6288659796875 0.4091796875 0.6340206187499999 0.4208984375 0.644329896875 0.42578125 0.6430412375000001 0.4384765625 0.6365979375 0.443359375 0.6275773203125 0.443359375 0.6121134015624999 0.4384765625 0.6005154640625
0 0.1865234375 0.626288659375 0.1572265625 0.6185567015625 0.1318359375 0.6185567015625 0.12109375 0.632731959375 0.12109375 0.6507731953125 0.1337890625 0.6675257734375 0.1494140625 0.664948453125 0.1552734375 0.6701030921875 0.1884765625 0.6778350515625 0.1962890625 0.6855670109374999 0.203125 0.68427835 0.2177734375 0.6778350515625 0.22265625 0.6688144328125001 0.22265625 0.6585051546875 0.1865234375 0.626288659375
0 0.1806640625 0.5824742265625 0.1416015625 0.57474226875 0.1279296875 0.5798969078125 0.12109375 0.5914948453125 0.119140625 0.60438144375 0.1259765625 0.6185567015625 0.1689453125 0.6185567015625 0.1845703125 0.623711340625 0.2001953125 0.6365979375 0.2109375 0.6378865984375001 0.220703125 0.625 0.21875 0.6121134015624999 0.2099609375 0.6005154640625 0.1806640625 0.5824742265625
0 0.1455078125 0.5257731953125 0.12109375 0.5347938140624999 0.12109375 0.5631443296875001 0.1298828125 0.5721649484375 0.1591796875 0.57474226875 0.1904296875 0.585051546875 0.217386321875 0.6003473625 0.220703125 0.5734536078125 0.216796875 0.5631443296875001 0.1884765625 0.5412371140625 0.1455078125 0.5257731953125
0 0.1728515625 0.5025773203125 0.1318359375 0.49226804062499996 0.1123046875 0.49226804062499996 0.10546875 0.498711340625 0.10546875 0.5244845359375 0.1123046875 0.530927834375 0.1494140625 0.5257731953125 0.1845703125 0.5386597937500001 0.208984375 0.5528350515625 0.212890625 0.539948453125 0.2109375 0.529639175 0.2041015625 0.52061855625 0.1728515625 0.5025773203125
0 0.4423828125 0.7680412375000001 0.4169921875 0.7628865984375001 0.40234375 0.77706185625 0.408203125 0.8234536078125 0.40625 0.8569587625 0.4130859375 0.8711340203125 0.4306640625 0.876288659375 0.455078125 0.875 0.470703125 0.8518041234375 0.466796875 0.7873711343750001 0.4638671875 0.780927834375 0.4423828125 0.7680412375000001
0 0.5 0.81829896875 0.4931640625 0.8092783499999999 0.4794921875 0.8015463921875 0.4697265625 0.8015463921875 0.470703125 0.85438144375 0.462890625 0.864690721875 0.462890625 0.8801546390625001 0.4775390625 0.894329896875 0.498046875 0.89561855625 0.509765625 0.8827319593749999 0.5078125 0.8414948453125 0.5 0.826030928125 0.5 0.81829896875
0 0.5107421875 0.8144329890625001 0.50390625 0.826030928125 0.50390625 0.8337628859375 0.51171875 0.8621134015624999 0.51171875 0.885309278125 0.5244140625 0.8994845359375001 0.556640625 0.9007731953125001 0.556640625 0.85438144375 0.54296875 0.8208762890625 0.5283203125 0.8118556703124999 0.5107421875 0.8144329890625001
0 0.7236328125 0.77061855625 0.6904296875 0.77061855625 0.68359375 0.779639175 0.685546875 0.7925257734375 0.6982421875 0.80670103125 0.7119140625 0.80670103125 0.76171875 0.8208762890625 0.771484375 0.81829896875 0.7734375 0.8028350515625 0.7568359375 0.780927834375 0.7236328125 0.77061855625
0 0.7724609375 0.82474226875 0.7490234375 0.819587628125 0.7236328125 0.819587628125 0.716796875 0.826030928125 0.716796875 0.8414948453125 0.7265625 0.8595360828124999 0.7236328125 0.8634020625 0.7314453125 0.8685567015625001 0.7373046875 0.8659793812500001 0.7470703125 0.873711340625 0.7626953125 0.873711340625 0.7861328125 0.8865979375 0.806640625 0.8878865984375001 0.802734375 0.85438144375 0.7880859375 0.835051546875 0.7822265625 0.835051546875 0.7724609375 0.82474226875
0 0.7041015625 0.57474226875 0.6630859375 0.5644329890625001 0.6455078125 0.5644329890625001 0.638671875 0.5734536078125 0.638671875 0.5837628859375 0.6513671875 0.59793814375 0.6708984375 0.6005154640625 0.6923828125 0.6134020625 0.701171875 0.6121134015624999 0.7099609375 0.6082474234374999 0.71484375 0.5992268046875 0.712890625 0.5837628859375 0.7041015625 0.57474226875
1 0.683881653125 0.526903740625 0.6137556234375 0.504896946875 0.62094066875 0.5363894265625 0.6899170859375 0.5595345140625 0.683881653125 0.526903740625
0 0.6591796875 0.48195876249999997 0.6279296875 0.48195876249999997 0.623046875 0.48582474218750005 0.623046875 0.501288659375 0.6337890625 0.510309278125 0.6513671875 0.5128865984375001 0.6728515625 0.5231958765625 0.681640625 0.5219072171875 0.685546875 0.5167525765625001 0.685546875 0.49613402031250003 0.6748046875 0.48711340156249994 0.6591796875 0.48195876249999997
0 0.6181640625 0.44329896875 0.609375 0.44974226875 0.611328125 0.4652061859375 0.6220703125 0.47680412343749995 0.673828125 0.48582474218750005 0.677734375 0.4755154640625 0.67578125 0.462628865625 0.6552734375 0.4458762890625 0.6181640625 0.44329896875
0 0.4873046875 0.18298969062499998 0.48046875 0.19716494843750001 0.484375 0.22809278281249998 0.4970703125 0.239690721875 0.509765625 0.23840206249999998 0.513671875 0.2358247421875 0.51171875 0.194587628125 0.4990234375 0.18298969062499998 0.4873046875 0.18298969062499998
0 0.3447265625 0.1288659796875 0.341796875 0.1378865984375 0.34375 0.171391753125 0.3583984375 0.18298969062499998 0.369140625 0.18170103124999998 0.375 0.171391753125 0.37109375 0.1430412375 0.3623046875 0.1314432984375 0.3447265625 0.1288659796875
0 0.3134765625 0.1108247421875 0.30859375 0.1198453609375 0.310546875 0.153350515625 0.3271484375 0.164948453125 0.3359375 0.16365979375 0.33984375 0.15850515468749998 0.337890625 0.125 0.3271484375 0.1134020625 0.3134765625 0.1108247421875
0 0.2841796875 0.09536082500000001 0.2783203125 0.09793814375 0.2734375 0.1121134015625 0.27734375 0.14561855625 0.2900390625 0.154639175 0.3046875 0.155927834375 0.30859375 0.1507731953125 0.3046875 0.1121134015625 0.2958984375 0.1005154640625 0.2841796875 0.09536082500000001
0 0.1962890625 0.0618556703125 0.19140625 0.0811855671875 0.19140625 0.1069587625 0.2001953125 0.11597938125 0.22265625 0.1198453609375 0.2265625 0.114690721875 0.224609375 0.0708762890625 0.2119140625 0.05927835 0.1962890625 0.0618556703125
0 0.1982421875 0.31958762812499997 0.1689453125 0.298969071875 0.1533203125 0.29381443281249997 0.1259765625 0.29123711406249997 0.12109375 0.2951030921875 0.1171875 0.3131443296875 0.1318359375 0.3298969078125 0.1435546875 0.3298969078125 0.1787109375 0.34278350468749996 0.1865234375 0.3505154640625 0.19140625 0.3492268046875 0.2001953125 0.34793814375 0.20703125 0.338917525 0.205078125 0.328608246875 0.1982421875 0.31958762812499997
0 0.1494140625 0.2628865984375 0.1279296875 0.2628865984375 0.12109375 0.26932989687500003 0.1220703125 0.28865979375 0.1533203125 0.29123711406249997 0.1708984375 0.298969071875 0.2021484375 0.3221649484375 0.20703125 0.3208762890625 0.2109375 0.3131443296875 0.208984375 0.2976804125 0.1748046875 0.27061855625 0.1494140625 0.2628865984375
1 0.223631759375 0.6930820234375 0.115853096875 0.6648878828125 0.11639849375 0.707094003125 0.225461678125 0.735117946875 0.223631759375 0.6930820234375
1 0.23573269375 0.7391534203125001 0.23863708906249997 0.8361007921875 0.289874821875 0.8539781218750001 0.2847510421875 0.7505794359375 0.23573269375 0.7391534203125001
1 0.349530165625 0.8675069390625 0.340746575 0.7616923765625 0.2774313671875 0.749613090625 0.28731291875 0.8554276515625 0.349530165625 0.8675069390625
1 0.404793740625 0.8766872031249999 0.39404697031249997 0.7723615875000001 0.33342689999999997 0.7626587234375 0.341112553125 0.8655742453125 0.404793740625 0.8766872031249999
1 0.2138235265625 0.49060159218750005 0.1153955421875 0.46141238749999997 0.11279645625000001 0.500139796875 0.21492148906250003 0.5302216390625001 0.2138235265625 0.49060159218750005
1 0.21309157031249998 0.4558132796875 0.11356531875 0.4251852953125 0.11354395937499999 0.467409365625 0.21418950468750003 0.4973660015625 0.21309157031249998 0.4558132796875
1 0.21199360781249998 0.4229575859375 0.11768332031249999 0.3925809140625 0.11500790000000001 0.4350368734375 0.2112616515625 0.46161130312500004 0.21199360781249998 0.4229575859375
1 0.2101636890625 0.3896187453125 0.11676820937500001 0.3557500375 0.11500790000000001 0.3978326640625 0.20833377031250003 0.4277893 0.2101636890625 0.3896187453125
1 0.2067858390625 0.3559245359375 0.114919725 0.3257030734375 0.1140300640625 0.36346921875 0.207884840625 0.394518521875 0.2067858390625 0.3559245359375
1 0.1127689671875 0.26881543125 0.20848198281250002 0.300303765625 0.199630034375 0.2691902046875 0.1144859921875 0.23675903593749997 0.1127689671875 0.26881543125
1 0.114009003125 0.242426628125 0.20043178749999999 0.27275008437500003 0.19819904531250002 0.241482021875 0.11210100468749999 0.20936572656250002 0.114009003125 0.242426628125
1 0.1124707953125 0.21373030312500002 0.1986760359375 0.2481059078125 0.19509855468749998 0.211896346875 0.11305500312500001 0.1835584296875 0.1124707953125 0.21373030312500002
1 0.1142598328125 0.1869746671875 0.196052553125 0.21913826875 0.194860059375 0.187021946875 0.11281650937500001 0.15868403125 0.1142598328125 0.1869746671875
1 0.114856178125 0.16336675625 0.19533704999999998 0.1958381859375 0.19271356875 0.163721890625 0.11186251093749999 0.13317991093749998 0.114856178125 0.16336675625
1 0.1130671421875 0.1373980515625 0.1929520640625 0.1700425859375 0.191998065625 0.14013034062500002 0.11210100468749999 0.1092735 0.1130671421875 0.1373980515625
1 0.1918394046875 0.1183315703125 0.113820540625 0.08565026249999999 0.11305500312500001 0.11368165 0.193429071875 0.144853328125 0.1918394046875 0.1183315703125
1 0.268447065625 0.1569622 0.26549875625 0.106141059375 0.2276495296875 0.08880200625 0.22295599843749997 0.1417096015625 0.268447065625 0.1569622
1 0.3744853265625 0.1547652046875 0.3731019078125 0.1940324453125 0.4122941015625 0.20758772812499998 0.40878808749999995 0.1698974359375 0.3744853265625 0.1547652046875
1 0.447980271875 0.222796090625 0.443208284375 0.18533815 0.40365428750000004 0.1702280578125 0.40878808749999995 0.2085795734375 0.447980271875 0.222796090625
1 0.4816630296875 0.2356901421875 0.476552225 0.200211475 0.438088321875 0.1852711078125 0.44359776875 0.22213485624999998 0.4816630296875 0.2356901421875
1 0.5119661390625 0.24332911875000002 0.5124096265625 0.2538681484375 0.548997896875 0.2708476546875 0.54037650625 0.22542391562500003 0.5155140890625 0.21756709375 0.5159575765625 0.228691615625 0.5119661390625 0.24332911875000002
0 0.4794921875 0.3969072171875 0.4765625 0.4007731953125 0.4755859375 0.42010309218749997 0.5126953125 0.44329896875 0.517578125 0.44201030937499997 0.521484375 0.43170103125 0.5126953125 0.4175257734375 0.4912109375 0.3994845359375 0.4794921875 0.3969072171875
0 0.4794921875 0.36855670156250003 0.470703125 0.3724226796875 0.4775390625 0.3969072171875 0.5 0.405927834375 0.50390625 0.403350515625 0.50390625 0.39561855625 0.4970703125 0.38402061875000004 0.4794921875 0.36855670156250003
1 0.7027311203125 0.581261465625 0.6899170859375 0.5542225234375 0.6226650734375 0.5337334312500001 0.6295627203125 0.568640765625 0.7027311203125 0.581261465625
1 0.7118685828125 0.61790373125 0.6387595890625 0.5948212703125 0.64939344375 0.6365582984375 0.723255684375 0.6597033703124999 0.7118685828125 0.61790373125
1 0.6585902921875 0.6725898156250001 0.7330679796874999 0.6932925390625 0.7209564828125 0.6524801609375 0.6476690390625001 0.628576215625 0.6585902921875 0.6725898156250001
1 0.6654879390625 0.7082418984375 0.7445659578125 0.7302757265625 0.7321651546875 0.6866145421875001 0.6551414796875 0.661951753125 0.6654879390625 0.7082418984375
1 0.677558825 0.7450463703125 0.7560639359375 0.762991625 0.7442360421875 0.7226601406250001 0.668649353125 0.7021710921875 0.677558825 0.7450463703125
1 0.7462478453125 0.777297709375 0.7611927265625 0.7826097 0.7548698968750001 0.7602234703125 0.6758343953125 0.7385961140624999 0.6827643250000001 0.7710520625 0.7103226046875 0.769709159375 0.731302940625 0.77046803125 0.7462478453125 0.777297709375
1 0.60905181875 0.9242981265625 0.58855376875 0.8207384624999999 0.541522746875 0.8147025593749999 0.55543335625 0.89872754375 0.556404340625 0.909623365625 0.60905181875 0.9242981265625
0 0.5244140625 0.664948453125 0.5126953125 0.664948453125 0.509765625 0.6688144328125001 0.5078125 0.6791237109375 0.5205078125 0.7061855671874999 0.5361328125 0.7061855671874999 0.5693359375 0.721649484375 0.58203125 0.720360825 0.58984375 0.7048969078125 0.5859375 0.6945876281250001 0.5693359375 0.6778350515625 0.5244140625 0.664948453125
0 0.5224609375 0.6391752578125 0.5107421875 0.6340206187499999 0.509765625 0.6430412375000001 0.5 0.653350515625 0.5 0.6585051546875 0.5068359375 0.664948453125 0.5185546875 0.6623711343750001 0.5634765625 0.67525773125 0.5732421875 0.682989690625 0.580078125 0.68170103125 0.58203125 0.6688144328125001 0.5771484375 0.6572164953125 0.5380859375 0.6314432984375 0.5224609375 0.6391752578125
0 0.5302734375 0.5927835046875 0.513671875 0.5992268046875 0.5146484375 0.605670103125 0.5203657875000001 0.6221624609374999 0.5322265625 0.6314432984375 0.5458984375 0.6340206187499999 0.5595703125 0.644329896875 0.56640625 0.6430412375000001 0.5703125 0.6275773203125 0.5615234375 0.6134020625 0.5478515625 0.6082474234374999 0.5302734375 0.5927835046875
0 0.47502587968750004 0.5497764015625 0.4776619203125 0.5727450546874999 0.4990234375 0.5876288656249999 0.5146484375 0.595360825 0.541015625 0.594072165625 0.541015625 0.5811855671874999 0.5322265625 0.567010309375 0.5146484375 0.5541237109375 0.47502587968750004 0.5497764015625
0 0.4833984375 0.5128865984375001 0.4716796875 0.5180412375000001 0.466796875 0.52706185625 0.466796875 0.5322164953125 0.4716796875 0.536082475 0.4814453125 0.530927834375 0.4873046875 0.5335051546875 0.4912109375 0.548969071875 0.529296875 0.5605670109374999 0.533203125 0.5554123718749999 0.53125 0.5425257734375 0.5087890625 0.52061855625 0.4833984375 0.5128865984375001
0 0.4677734375 0.4845360828125 0.462890625 0.49097938125 0.462890625 0.5064432984375 0.4716796875 0.5180412375000001 0.4873046875 0.5128865984375001 0.5048828125 0.5180412375000001 0.5283203125 0.536082475 0.53515625 0.5347938140624999 0.53515625 0.5167525765625001 0.5107421875 0.4948453609375 0.4736328125 0.4845360828125 0.4677734375 0.4845360828125
0 0.5224609375 0.45103092812499995 0.4873046875 0.4381443296875 0.4765625 0.43943298906250006 0.478515625 0.46778350468749996 0.474609375 0.480670103125 0.4794921875 0.48711340156249994 0.5009765625 0.489690721875 0.53515625 0.5090206187499999 0.544921875 0.501288659375 0.544921875 0.4935567015625 0.53125 0.462628865625 0.5224609375 0.45103092812499995
0 0.4677734375 0.4175257734375 0.458984375 0.42396907187500005 0.458984375 0.4291237109375 0.4697265625 0.4381443296875 0.4853515625 0.4381443296875 0.51171875 0.4471649484375 0.513671875 0.444587628125 0.5107421875 0.44072164999999996 0.4892578125 0.42525773125 0.4677734375 0.4175257734375
0 0.4775390625 0.3015463921875 0.4259954890625 0.29230073125 0.4275771296875 0.3333658921875 0.447083821875 0.3451982375 0.4736328125 0.3530927828125 0.4912109375 0.3608247421875 0.4970703125 0.36855670156250003 0.505859375 0.367268040625 0.515625 0.3595360828125 0.515625 0.346649484375 0.501953125 0.31829896875 0.4775390625 0.3015463921875
0 0.4501953125 0.286082475 0.447265625 0.289948453125 0.447265625 0.2951030921875 0.4560546875 0.3041237109375 0.4697265625 0.3015463921875 0.498046875 0.3131443296875 0.498046875 0.30541237187500003 0.4912109375 0.298969071875 0.4599609375 0.286082475 0.4501953125 0.286082475
1 0.6596922609375 0.9343806750000001 0.63401666875 0.8330061578124999 0.5833218312499999 0.8224076406249999 0.6024144328125 0.9232318312500001 0.6596922609375 0.9343806750000001
1 0.7055879625 0.9455295171874999 0.6780838578124999 0.8439093796874999 0.6277488640625 0.8350106765625 0.6534504578125 0.9372890578125 0.7055879625 0.9455295171874999
1 0.7367970406250001 0.9532852171874999 0.7092981171875 0.8523896625 0.67327740625 0.8461595375 0.69751033125 0.9450447578125001 0.7367970406250001 0.9532852171874999