1 0.4253327171875 0.3616952484375 0.4139970953125 0.327148775 0.3332788140625 0.285128071875 0.334231209375 0.31792299218750003 0.35810188906249996 0.325924528125 0.4253327171875 0.3616952484375
1 0.3308659609375 0.2861660265625 0.4179169609375 0.3339911828125 0.41573885781250003 0.299960053125 0.332157925 0.2523855046875 0.3308659609375 0.2861660265625
1 0.41667634375 0.2731173375 0.3360334046875 0.22884539843749999 0.3330989421875 0.2615737453125 0.41430841406249996 0.3061908734375 0.41667634375 0.2731173375
0 0.42075667499999997 0.2607497984375 0.423778553125 0.250989228125 0.41095367187500004 0.231722984375 0.3981571078125 0.221510371875 0.363172134375 0.21479303593750002 0.355426015625 0.2223539234375 0.3546173125 0.2299542421875 0.366037721875 0.24378042031249997 0.377699378125 0.24601953281250002 0.40329250781250003 0.26644476093749997 0.410229925 0.2664841875 0.42075667499999997 0.2607497984375
1 0.4280275390625 0.4485349078125 0.3354861796875 0.39861749375 0.3347458703125 0.43743878125 0.42579325625 0.48007803437499996 0.4280275390625 0.4485349078125
0 0.43017575625 0.43318136249999994 0.43233229531250006 0.4129138515625 0.4245295390625 0.40236748125000005 0.3756130953125 0.37746403125 0.36395143750000003 0.37522491874999997 0.3542617078125 0.382412621875 0.3509702625 0.39470663125 0.361851534375 0.4135996890625 0.3735131921875 0.41583880000000006 0.406880759375 0.43775676875 0.423536225 0.4396621234375 0.43017575625 0.43318136249999994
0 0.4302754109375 0.37632615 0.40384526249999997 0.3544476109375 0.36912985625 0.34519683749999996 0.35970969375 0.3498511 0.3544746390625 0.3617719234375 0.36006421718750004 0.37447854999999997 0.3758826625 0.374930590625 0.37923074687499997 0.380743840625 0.42590569375 0.398753915625 0.430601615625 0.39189996875 0.4302754109375 0.37632615
0 0.40627136875 0.331646659375 0.37182553125 0.319862446875 0.3582485828125 0.3263037796875 0.356631178125 0.3415044140625 0.3610858515625 0.3462375359375 0.396340390625 0.3504214296875 0.43081454687500004 0.37125927187499996 0.4341059921875 0.3589652625 0.42992088749999996 0.3516987015625 0.40627136875 0.331646659375
1 0.36809209374999996 0.5141341703125 0.393636684375 0.5185542328125 0.4094088421875 0.524005846875 0.42979534375000006 0.54197499375 0.42991388124999996 0.5129188703125 0.336872496875 0.46554255624999996 0.3370339578125 0.5091400953125 0.35401021875 0.5172461265625 0.36809209374999996 0.5141341703125
0 0.41012918750000005 0.5004252296875 0.41706660468749995 0.5004646593750001 0.425380178125 0.49689052343749995 0.42894119374999995 0.482063071875 0.428075853125 0.47155613281250003 0.42027309687500003 0.4610097609375 0.3958148734375 0.44855803749999995 0.36666073125 0.44296025937500005 0.3550273921875 0.44977477656250003 0.355353596875 0.4653485953125 0.364830396875 0.47880158906250003 0.3862101015625 0.48290662656250005 0.403163453125 0.491332171875 0.41012918750000005 0.5004252296875
1 0.3629495796875 0.5834207890625 0.3878772921875 0.59014566875 0.4054599875 0.5925523375 0.43118754062500003 0.605731234375 0.43143850937500006 0.585908846875 0.33637685624999997 0.5357005203125 0.3386091171875 0.5816551515625 0.35979375468749997 0.5886306171875 0.3629495796875 0.5834207890625
0 0.4211803734375 0.5736400625 0.4320050109375 0.574425859375 0.4408294 0.5567312156249999 0.43691386249999997 0.54693121875 0.418825603125 0.5305321703125 0.37493128593749997 0.5143485921875001 0.3577366859375 0.517510115625 0.3539061046875 0.534871003125 0.358091209375 0.5421375640625 0.37088777500000003 0.5523501765625001 0.37893177968749997 0.5513094796875 0.41424295625 0.5736006328125 0.4211803734375 0.5736400625
1 0.43922205 0.66026619375 0.3364262359375 0.6138363265625 0.3348096671875 0.66008895625 0.438740996875 0.7067000828125 0.43922205 0.66026619375
0 0.42364841875000003 0.65296246875 0.42864222500000004 0.6526287125 0.44194960625 0.64872081875 0.44775211718749997 0.640786746875 0.449369521875 0.6255861109375 0.445723553125 0.6132526734375 0.40431197812499997 0.5923754031249999 0.3693270078125 0.5856580671875 0.3576936671875 0.5924725859375 0.3558066953125 0.6102066578125 0.3616658421875 0.62037984375 0.37084475625 0.6273126484375 0.41306503125000005 0.6405896015625 0.42364841875000003 0.65296246875
0 0.18885450312500002 0.6414881296875 0.19582023906249998 0.6505811875 0.20275765625000003 0.6506206156250001 0.218008646875 0.6470859078125 0.22381115624999998 0.6391518359374999 0.22488942500000003 0.629018078125 0.19230224375 0.5904461640625 0.1639568015625 0.57724806875 0.1386898765625 0.5723966609375 0.12651740312499998 0.5842780578125 0.12463043124999999 0.6020121281249999 0.1355117046875 0.6209051859375 0.15133014843749998 0.6213572296875001 0.1566218421875 0.6275436625 0.18885450312500002 0.6414881296875
0 0.204829240625 0.6031922171875 0.215384309375 0.60651145625 0.22645019375 0.5957101875 0.225854421875 0.5826698078125 0.21832123124999997 0.5695899984375 0.1910540609375 0.546258146875 0.152990571875 0.5311941265625 0.1388461703125 0.5336487078125 0.1308304828125 0.5437430328125 0.1275390359375 0.5560370421874999 0.13285904843750002 0.5712771046875 0.175618459375 0.57948718125 0.1906282 0.587539540625 0.204829240625 0.6031922171875
0 0.2290325953125 0.5341612812500001 0.20314157968750002 0.5072158640625 0.161999571875 0.48380515468749996 0.1367609671875 0.488007375 0.133795725 0.5158752046874999 0.1415984828125 0.526421575 0.1704830578125 0.53455279375 0.200502540625 0.5506575125000001 0.2257280234375 0.570843534375 0.23184154218750003 0.5450414078125 0.2290325953125 0.5341612812500001
0 0.2223364265625 0.522534784375 0.22757148124999999 0.510613959375 0.2267061421875 0.5001070203125 0.22084699375 0.48993383437500004 0.1916362140625 0.46622879843750004 0.15189868281250002 0.44825815156250004 0.1324625875 0.44452629843749997 0.12498603593749999 0.4495537484375 0.12229036093750001 0.4748881390625 0.128419075 0.4825278828125 0.1658867921875 0.484551525 0.1995239265625 0.5039360546875 0.2223364265625 0.522534784375
0 0.45151028125000003 0.866420528125 0.45436224843749995 0.802338184375 0.452120753125 0.7954448078125 0.43208888593749994 0.7786725765625 0.4073610953125 0.768754290625 0.391301403125 0.779889315625 0.3922800171875 0.8266107703125 0.38683203125 0.8591722921875 0.3921520421875 0.87441235625 0.40910539375 0.8828379 0.43353529843749994 0.8862359968750001 0.45151028125000003 0.866420528125
0 0.47413816875 0.914713584375 0.4871476640625 0.9042855015625 0.48951713437500005 0.8633772937499999 0.4833600984375 0.8466839171875 0.48416880156250003 0.8390836 0.4783096546875 0.828910415625 0.465513090625 0.818697803125 0.4557950421875 0.8168318765624999 0.4512407140625 0.8689539671875 0.44238800625 0.8775949828125 0.4407706 0.892795615625 0.4538650515625 0.9095284187500001 0.47413816875 0.914713584375
0 0.5266586453125 0.849827115625 0.5130250609375 0.8381611890625 0.49526300624999997 0.8373359609375 0.48724732031249995 0.8474302890625 0.48643861718750003 0.8550306046875 0.4912478125 0.8843911734375001 0.48882170625 0.9071921250000001 0.49997254687500003 0.92355174375 0.531907321875 0.9309760203125 0.536759534375 0.8853741203125001 0.5266586453125 0.849827115625
0 0.757891546875 0.8761289031249999 0.7436621890625 0.8514225953125001 0.711699096875 0.8349446921875 0.678657734375 0.8286005421875 0.6709116140625 0.8361614312500001 0.6715073859375 0.8492018109374999 0.682658228125 0.8655614281249999 0.69626349375 0.8681737265624999 0.7443429171875 0.8916238640625 0.7543305328125001 0.8909563515625001 0.757891546875 0.8761289031249999
0 0.7153303671875 0.9312942312500001 0.7242397125 0.9407604734375001 0.7397885890625 0.9437459546875001 0.761764065625 0.9608913734375 0.7820371828125 0.9660765375 0.781654340625 0.9323954609375 0.7690990249999999 0.9105957796874999 0.763268196875 0.9094762234375 0.7546284187500001 0.8974765421875001 0.7318442390625 0.887931440625 0.7065773156249999 0.8830800312499999 0.6991007625 0.8881074812499999 0.6974833578124999 0.903308115625 0.7053144328125 0.9229081140625001 0.70199466875 0.9261484953125001 0.7092299703125 0.9327081140625 0.7153303671875 0.9312942312500001
0 0.7059259859375 0.674846565625 0.7150765796874999 0.672725740625 0.7208790890625 0.6647916687500001 0.720552884375 0.6492178484375 0.7127501281249999 0.6386714796875 0.673012596875 0.6207008328125 0.6555201109375 0.6173421640625001 0.6477739921875 0.6249030531249999 0.646695721875 0.6350368078125 0.6578465625 0.6513964265625 0.677013090625 0.65766171875 0.6970449578125 0.674433953125 0.7059259859375 0.674846565625
1 0.6976322640625 0.587784 0.63014961875 0.5527528453125 0.63400579375 0.5850819984375 0.7002253703125 0.6210124078125 0.6976322640625 0.587784
0 0.7003511062500001 0.578123840625 0.7025076453125 0.55785633125 0.6927612796875 0.546936775 0.6777515375000001 0.5388844140625 0.6466537828125001 0.53291345 0.641390409375 0.5357806453125 0.6397730046875 0.5509812796875 0.6495193703125001 0.5619008359375 0.6667422890625 0.5677929421875 0.687043725 0.5820317359375 0.6959247515625 0.58244435 0.7003511062500001 0.578123840625
0 0.6409792484375 0.49304594062499996 0.6315590859375 0.4977002046875 0.631885290625 0.5132740234375001 0.641362090625 0.52672701875 0.6919242578125 0.5454834625 0.6968897468749999 0.536096078125 0.696293975 0.5230556984375 0.6776382625 0.5026699 0.6409792484375 0.49304594062499996
0 0.537983721875 0.21216519374999998 0.5296984671875 0.224792959375 0.530350875 0.25594059687500004 0.541771284375 0.2697667765625 0.55453953125 0.2709257625 0.5586963171875 0.2691386921875 0.5610657875 0.228230484375 0.5496453781249999 0.2144043046875 0.537983721875 0.21216519374999998
0 0.40176113906250005 0.131720453125 0.3979022390625 0.1400277109375 0.396341471875 0.1733356015625 0.40970548906250004 0.187534965625 0.420530125 0.1883207671875 0.427439225 0.179306565625 0.42651724687500003 0.1506923671875 0.4189840578125 0.13761255781249998 0.40176113906250005 0.131720453125
0 0.37255035937500003 0.1080154140625 0.3667478484375 0.1159494890625 0.36518708125 0.14925738125000002 0.380494709375 0.16382992968750001 0.38937573593749997 0.16424254375 0.393802090625 0.1599220375 0.39536285625 0.12661414531249998 0.385886059375 0.11316115156249999 0.37255035937500003 0.1080154140625
0 0.3561361421875 0.0945229921875 0.3450136203125 0.087217003125 0.33891322343749997 0.0886308859375 0.3325715796875 0.1016318359375 0.3329544203125 0.1353129125 0.34464439687500004 0.146605653125 0.359086684375 0.1506712625 0.3635130390625 0.1463507546875 0.36366933125 0.1076028 0.3561361421875 0.0945229921875
0 0.261055565625 0.037488959375000006 0.2541747875 0.0555567875 0.2514791125 0.08089117812499999 0.25928186875 0.0914375484375 0.281229028125 0.09952933593749999 0.28565538125 0.09520883125 0.28829441875 0.0517671828125 0.27687401093749997 0.0379410015625 0.261055565625 0.037488959375000006
0 0.2141802265625 0.3102751375 0.2211459625 0.3193681953125 0.22613976875000003 0.31903444062499997 0.2350207953125 0.3194470546875 0.2427669171875 0.311886165625 0.24190157656250003 0.301379225 0.23604242968750003 0.291206040625 0.20904482500000002 0.26534075 0.19403508281249998 0.257288390625 0.1670941171875 0.24953035781250002 0.1618307421875 0.2523975515625 0.15605655000000002 0.2693852546875 0.1688814328125 0.28865149843750004 0.180543090625 0.2908906109375 0.2141802265625 0.3102751375
0 0.249349809375 0.287298146875 0.24902360625000003 0.2717243296875 0.2178408953125 0.2385924765625 0.19338267343749999 0.22614075156250002 0.17200296875 0.2220357140625 0.164526415625 0.2270631625 0.163476465625 0.2462505484375 0.19430465 0.2547549515625 0.2109884359375 0.2657139359375 0.23966008125 0.29448585 0.2446538890625 0.29415209375 0.249349809375 0.287298146875
1 0.2222437140625 0.6631926453125 0.1179390234375 0.6148851671875 0.1140673328125 0.656476909375 0.21966808750000003 0.704862521875 0.2222437140625 0.6631926453125
1 0.229466984375 0.7107917796875001 0.22221729375 0.8066435015625 0.271335571875 0.8340064937499999 0.2770514484375 0.7313892375 0.229466984375 0.7107917796875001
1 0.329285271875 0.858703371875 0.33161185 0.7530120859375 0.2698685078125 0.72904076875 0.26863454062500003 0.8349418390625001 0.329285271875 0.858703371875
1 0.383319425 0.8782865953125001 0.3835366546875 0.7736837999999999 0.3242267640625 0.7525634046875 0.32111081406249997 0.8551952234375 0.383319425 0.8782865953125001
1 0.233661134375 0.4622855125 0.13876564375 0.41478655625 0.1321286359375 0.4523579953125 0.2306098 0.501440790625 0.233661134375 0.4622855125
1 0.2365713296875 0.42794964062499996 0.14073340781250002 0.378826553125 0.13629584374999998 0.42032764843750003 0.233317825 0.4690046828125 0.2365713296875 0.42794964062499996
1 0.238915165625 0.39544354843749996 0.148241509375 0.3475641125 0.1411385625 0.3887860359375 0.2341438984375 0.4332993046875 0.238915165625 0.39544354843749996
1 0.24058114375 0.36232268125 0.151183078125 0.31118545625 0.14502983125 0.352215253125 0.2347677984375 0.39949371093749997 0.24058114375 0.36232268125
1 0.2407439 0.3285567296875 0.15248627812499999 0.281296871875 0.1476509078125 0.318250034375 0.23780091875 0.3667036140625 0.2407439 0.3285567296875
1 0.156296 0.2249668328125 0.248249278125 0.274207025 0.242694690625 0.24193184531249998 0.16135750937499999 0.19378429375 0.156296 0.2249668328125
1 0.1602900578125 0.1992642515625 0.243120203125 0.24558430625 0.2441687328125 0.2144219921875 0.161849265625 0.166401671875 0.1602900578125 0.1992642515625
1 0.161760753125 0.1707625953125 0.24395059218749998 0.22102424062499998 0.244177778125 0.18474761875 0.16549785781249998 0.14121604375000002 0.161760753125 0.1707625953125
1 0.16633950625 0.144804325 0.24436967968749998 0.192048525 0.24654211093749998 0.1602511546875 0.16786219375 0.11671957968749999 0.16633950625 0.144804325
1 0.16940215 0.1217122984375 0.24609466875 0.169008428125 0.24684308281249998 0.136937665625 0.169580375 0.091467403125 0.16940215 0.1217122984375
1 0.170337953125 0.095843896875 0.24641932031249997 0.143196315625 0.24859855625 0.11361106562500001 0.1723181296875 0.068013584375 0.170337953125 0.095843896875
1 0.2507206484375 0.09215311875 0.17650009375 0.0451211015625 0.1728064234375 0.0725289640625 0.249528603125 0.11852706406249999 0.2507206484375 0.09215311875
1 0.3229146234375 0.1447635265625 0.325296171875 0.0942443140625 0.289444871875 0.06996858593750001 0.27924048749999997 0.121078596875 0.3229146234375 0.1447635265625
1 0.428666065625 0.16286475625000002 0.42318234062500004 0.201199115625 0.46076581718750004 0.22201209687499998 0.46121899375000003 0.184293609375 0.428666065625 0.16286475625000002
1 0.4946874515625 0.2437801125 0.4938565203125 0.20604813281249998 0.456075625 0.18363768281249998 0.45717314531250003 0.2223171578125 0.4946874515625 0.2437801125
1 0.52685749375 0.262890428125 0.5254823796875 0.2270392828125 0.4887685140625 0.2050039546875 0.490395459375 0.2422927671875 0.52685749375 0.262890428125
1 0.5901871125 0.31031509062499996 0.5863586921875 0.264017425 0.5624391640625 0.2515438859375 0.561716953125 0.26256374375 0.5562139921875 0.2761893875 0.5555530203125 0.2866337203125 0.5901871125 0.31031509062499996
0 0.5078351828125001 0.4209478875 0.5045154171874999 0.42418826562499995 0.5015218578125 0.44300246562499995 0.5360243312499999 0.47289393593750007 0.5410181390625 0.47256017968749997 0.545983628125 0.4631727953125 0.5387200062499999 0.447559546875 0.519227271875 0.4257204359375 0.5078351828125001 0.4209478875
0 0.50164983125 0.3952008828125 0.5058915734375 0.4205747015625 0.5272995984375 0.43373336562500003 0.531456384375 0.4319463 0.5322650859375 0.4243459828125 0.5266755062499999 0.41163935937499996 0.510800425 0.3930800578125 0.50164983125 0.3952008828125
1 0.71070450625 0.6448178312499999 0.7007809625 0.6157908562500001 0.6359995921875 0.58280070625 0.6392126015625 0.618431659375 0.71070450625 0.6448178312499999
1 0.71596495625 0.6825821390625 0.6456263875 0.6459236749999999 0.6518430687500001 0.6889819234375001 0.7229246671875 0.7258458546875 0.71596495625 0.6825821390625
1 0.6572264953125 0.726157228125 0.72917599375 0.7607379890625 0.7213921578125 0.7183063140625 0.650961928125 0.68080625625 0.6572264953125 0.726157228125
1 0.660361609375 0.7625202484375 0.7367498015625 0.799288440625 0.72897603125 0.7540011859375 0.6549071453125 0.7150413171875 0.660361609375 0.7625202484375
1 0.668524228125 0.80100449375 0.7447699359375 0.83364425625 0.737218025 0.7917394765625 0.6641425796875 0.7571568546874999 0.668524228125 0.80100449375
1 0.7478218421875 0.8539082828125 0.743871240625 0.8306950843750001 0.6674828453125 0.79433456875 0.670984375 0.8275620390625 0.6985488515625 0.8315075843749999 0.7193476000000001 0.83626226875 0.7335053640625 0.8458312015624999 0.7478218421875 0.8539082828125
1 0.5309198937499999 0.9287345234375 0.5307465296875 0.9396303625 0.58160265 0.9641146734375001 0.5720359937499999 0.8584016046875 0.5258654109374999 0.8434822093750001 0.5309198937499999 0.9287345234375
0 0.5854358125 0.744778809375 0.5826268625 0.73389868125 0.56785836875 0.7142592546875 0.5245031859375 0.6930087984375 0.5128415296875 0.6907696875 0.5095217625 0.6940100671875 0.5064998843749999 0.7037706375 0.5163028875 0.7327974515625 0.5318517640625 0.7357829328125 0.563275721875 0.7573277171874999 0.57604396875 0.7584867015625 0.5854358125 0.744778809375
0 0.5712064531250001 0.720072503125 0.5781438703124999 0.7201119312500001 0.58143531875 0.707817921875 0.577789346875 0.695484484375 0.5416128296875 0.6626863875 0.5252552515625 0.6673012234375 0.514132728125 0.659995234375 0.5122174375 0.6686756796875 0.5014211203125 0.6769435078125 0.5008819859375 0.6820103859375 0.5070107015625 0.6896501296875 0.518941925 0.689355803125 0.5622971078125001 0.710606259375 0.5712064531250001 0.720072503125
0 0.5740867390625 0.6650437874999999 0.56682311875 0.6494305390624999 0.5537569859375 0.641751365625 0.537881903125 0.6231920640624999 0.520687303125 0.6263535874999999 0.520985190625 0.6328737765625 0.5249497140625 0.650177759375 0.5357820015625 0.6615668328125001 0.5491177015625001 0.66671256875 0.5616446984375 0.6794586218750001 0.568582115625 0.6794980515625 0.5740867390625 0.6650437874999999
0 0.4874017140625 0.5703609875 0.4876225703125 0.5934422546875 0.5073232859375 0.612154221875 0.5220634609375 0.6227400203125 0.5484369734375 0.6265113015625 0.5497848109375 0.6138441078125 0.5425211890625 0.598230859375 0.5263765406250001 0.582204996875 0.4874017140625 0.5703609875
0 0.5402796921874999 0.591337484375 0.544706046875 0.5870169781250001 0.5441102734375 0.5739765968749999 0.5240500875 0.548150734375 0.49959186562499996 0.535699009375 0.48739107343750004 0.5385267765624999 0.4815885640625 0.54646085 0.48104942812499996 0.5515277281250001 0.4855041015625 0.5562608499999999 0.495761284375 0.5530598953125 0.501322546875 0.5567128921875 0.503592359375 0.5726598968750001 0.5402796921874999 0.591337484375
0 0.5506931671874999 0.5493885765625001 0.5286893734375 0.5231895296875 0.49283906093749996 0.5059652546875 0.48700823125000003 0.5048457 0.4814752890625 0.5102463328125 0.479857884375 0.525446965625 0.48739107343750004 0.5385267765624999 0.5034790859375 0.53644538125 0.5204324375 0.544870925 0.541868778125 0.567083221875 0.5488061953125001 0.5671226500000001 0.5506931671874999 0.5493885765625001
0 0.5620286203125 0.53605386875 0.5628373234375 0.5284535531250001 0.5524668671875 0.4954399890625 0.5449336765624999 0.4823601796875 0.5112965421875 0.4629756515625 0.5004719046874999 0.46218985 0.4994502734375 0.49043086406249997 0.494215215625 0.5023516890625 0.498400321875 0.5096182484375 0.519510459375 0.5162567265625 0.5515018703125001 0.541788259375 0.5620286203125 0.53605386875
0 0.5145879890625 0.4506816390625 0.4940169859375 0.4389762859375 0.484596825 0.44363054999999996 0.4840576890625 0.448697428125 0.49380405468750005 0.4596169828125 0.5093529328125 0.46260246406250005 0.534648175 0.476507503125 0.5368613515625 0.47434724843750004 0.5343502890625 0.4699873125 0.5145879890625 0.4506816390625
0 0.5477006890625 0.39111695 0.549048525 0.378449753125 0.5384085015625 0.347969628125 0.5158655703125 0.326837459375 0.465540134375 0.30790073906250004 0.46281897499999997 0.3485689421875 0.4809930609375 0.36392699375 0.506587 0.3767598671875 0.5232707859375 0.38771885156249997 0.5282929109375 0.3964387265625 0.5371739375 0.39685133906250003 0.5477006890625 0.39111695
0 0.49999048906250004 0.308278159375 0.49027244062499997 0.30641223281249996 0.48695267500000006 0.3096526109375 0.486413540625 0.31471948906249997 0.494216296875 0.325265859375 0.5080911312499999 0.32534471875 0.5350604171875 0.3421563796875 0.5358691203125 0.3345560640625 0.5297404046875 0.32691631718749997 0.49999048906250004 0.308278159375
1 0.63094181875 0.9837014734375 0.6159942984375 0.87914706875 0.5666549640625 0.85904269375 0.575109125 0.9617983234375 0.63094181875 0.9837014734375
1 0.6749017359375 1 0.6587064046875 0.8982846109375 0.6095473734375 0.8799198640625001 0.6244262328125 0.9853677125000001 0.6657593109375 1 0.6749017359375 1
1 0.70295425 1 0.6888816203125 0.912584646875 0.6536880203125001 0.8995780859375 0.66726958125 1 0.70295425 1